DATASET = ORTEC Early VeRoLog 2019
NAME = Instance 22

TRUCK_DISTANCE = 238844
NUMBER_OF_TRUCK_DAYS = 178
NUMBER_OF_TRUCKS_USED = 14
TECHNICIAN_DISTANCE = 87719
NUMBER_OF_TECHNICIAN_DAYS = 210
NUMBER_OF_TECHNICIANS_USED = 22
IDLE_MACHINE_COSTS = 8321
TOTAL_COST = 901310701

DAY = 1
NUMBER_OF_TRUCKS = 7
1 13 1 0 19 0 11 17 0 16
2 14 3 0 12 0 22 0 21 7
3 4 23 0 15 0 5 20
4 8 25
5 9 6 0 24
6 18 0 2
7 10
NUMBER_OF_TECHNICIANS = 0

DAY = 2
NUMBER_OF_TRUCKS = 9
1 63 26 0 39 28 0 53 0 41
2 42 46 50 0 31 58 0 51 55
3 52 44 0 43 57 0 36
4 60 37
5 29 35
6 48 0 32 0 45 59
7 30 0 61 38 0 27
8 54 0 34
9 33 40
NUMBER_OF_TECHNICIANS = 9
7 2 25 10
9 7
17 20
28 8 5 19 24
36 15 16
42 6
43 18
45 17 11 1 13 14 23 9 22
50 3 4 12 21

DAY = 3
NUMBER_OF_TRUCKS = 12
1 90 91 0 94 84
2 87 72 88 0 71
3 67 79
4 89 75 0 73 0 93
5 66 0 78 0 85
6 64 0 65 74 0 56
7 82 77 0 83
8 86 68
9 81 70
10 49
11 80
12 69
NUMBER_OF_TECHNICIANS = 10
7 40
9 35 37 34 41
11 45
15 59
17 60 31 28 42 63 53 48
28 26 43 52 39 46 58
42 29 44 50 30 61
43 27
45 32 38 55 54 33 51 57
50 36

DAY = 4
NUMBER_OF_TRUCKS = 9
1 119 105 0 95 100 0 113 118 0 115 97 0 96
2 114 109 110 0 99 111
3 98 101 0 116
4 108 112 0 120 0 102
5 117 104
6 107 0 106 0 92
7 62
8 103 76
9 47
NUMBER_OF_TECHNICIANS = 12
3 80
7 49 79
9 69 70
11 90 87 94 71
15 66 73 89 74
17 86 93
26 78
28 67 85
36 91
42 65 64 75 68 81
43 56
45 84 82 77 83 72 88

DAY = 5
NUMBER_OF_TRUCKS = 12
1 153 129 0 141 140 0 135 146 125 0 151 152
2 148 123 0 139
3 127 149 0 124 0 144
4 142 134 147
5 132 0 143 0 150
6 128 145
7 137 121
8 133 131
9 130 0 126
10 136
11 138
12 122
NUMBER_OF_TECHNICIANS = 11
7 47
9 62 92 104 76
11 119 95 115 100 108
17 98 102
22 103
28 116 96
36 112
42 106 110 97 117 118 113
43 111 99
45 109 120 107 114 105
50 101

DAY = 6
NUMBER_OF_TRUCKS = 12
1 182 185 0 179 155 0 166 184
2 164 160 0 167 180 0 186
3 170 178 0 176 175
4 189 158 0 183
5 181 156 0 157
6 168 177 0 163
7 187 162 0 174
8 154 161
9 169 171
10 188 173
11 159 165
12 172
NUMBER_OF_TECHNICIANS = 10
3 121
7 130 133 122
9 136
11 153 129 141 149 142
14 145 144
17 127 128
22 126 147 131 152 138
28 143 150 139
42 134 125 123
45 132 140 148 151 135 146 124 137

DAY = 7
NUMBER_OF_TRUCKS = 8
1 216 193 0 195 0 218 201 0 212 192 0 209 196
2 206 215 197 0 194 0 190 211
3 208 198 0 213 0 207 220
4 203 204 0 202
5 200 0 210 0 199
6 221 191
7 214 217
8 205 219
NUMBER_OF_TECHNICIANS = 15
3 163 165 159
5 176 181
6 188
11 182 164 185 155 179
14 187
15 154
18 166
22 172 171 161
25 184
26 167
30 156 162
36 170 189 175 178 160 158
41 173 186
43 177
50 168 169 183 180

DAY = 8
NUMBER_OF_TRUCKS = 10
1 248 237 0 251 249 0 222 0 233 236 0 225
2 243 232
3 250 244 241
4 224 239 0 247 0 238 0 231
5 223 0 245 0 246
6 228 226
7 234 0 230
8 240 0 235
9 229 227
10 242
NUMBER_OF_TECHNICIANS = 12
3 205 214
5 212 218 193 215 209 201 213 221
6 220 207 200 192
10 194
14 190
15 211
18 216 206 208 196
22 219 199 191
25 210
30 204
36 174
41 198 195 197 203

DAY = 9
NUMBER_OF_TRUCKS = 8
1 270 259 0 276 268 0 253 256 0 263 258
2 264 266 0 265 273 0 252
3 275 260 254 0 271 278 0 272
4 279 274
5 267 261
6 262 0 257
7 277 255
8 269
NUMBER_OF_TECHNICIANS = 12
3 235
6 202
9 226 232 227 217
10 248 251 244 224
14 157
15 236
17 246
22 241 240 230
41 225 234 222 233
43 229
45 237 243 250 247 223
50 239 238 245 249 231 228

DAY = 10
NUMBER_OF_TRUCKS = 9
1 280 296 0 301 286 0 294 302 0 289 281 0 307
2 284 293 0 290 0 285
3 291 292 0 282 306
4 299 303 0 297
5 309 0 283
6 300 305 0 295
7 287 298
8 308 288
9 304
NUMBER_OF_TECHNICIANS = 10
3 242
5 263 256 267 272
7 277 261
9 255 262 252
10 265
11 270 260 276 253 273
17 266 258 257
28 278
41 274
45 268 275 264 279 254 259 271

DAY = 11
NUMBER_OF_TRUCKS = 6
1 331 324 0 312 317 0 319 0 310 327
2 311 321 328 0 326 0 325
3 318 329 0 330
4 316 313 314
5 320 322 0 315
6 323
NUMBER_OF_TECHNICIANS = 11
5 294 296 301 286 299 290 282
7 303 295 287 304
9 288
11 280
14 300
17 309 297
28 284
42 306
43 298
45 292 283 285 305 307 308
50 281 293 289 291 302

DAY = 12
NUMBER_OF_TRUCKS = 10
1 358 341 0 340 346 0 349 0 356
2 362 334 337 0 352 350
3 339 355 0 353
4 361 336
5 360 348 338 0 347
6 359 351 0 332
7 354 343 0 344
8 333 345
9 335 0 357
10 342
NUMBER_OF_TECHNICIANS = 9
9 323
11 317 318 311 320
17 329 330
22 314 269
25 324 331 312
30 310 319 328
41 322 315
42 313 327 325
45 316 326 321

DAY = 13
NUMBER_OF_TRUCKS = 6
1 377 369 372 0 370 0 378 0 390
2 397 367 0 364 0 376 388
3 366 387 0 398 0 401 383
4 386 394 0 382 393 0 365 0 391 392 0 373 0 374 380
5 381 368 0 363
6 371 389 0 400 0 375
NUMBER_OF_TECHNICIANS = 12
9 336 345 347 350
11 340 355
14 333
15 332 335 348
17 352 338
22 342 356 357 337
26 341 362 361 351
28 339 349 360 344
36 358
41 353 343 334
45 354
50 359 346

DAY = 14
NUMBER_OF_TRUCKS = 7
1 405 434 0 424 403 412 0 433 437 0 432 409 425 0 438 385
2 426 422 0 423 0 379
3 436 404 0 420 0 395
4 408 431 0 419 417 0 421 418
5 407 0 406 0 428
6 415 0 414
7 435 429 0 384
NUMBER_OF_TECHNICIANS = 9
5 391 392 374 381 393 370 378 389
6 375 363 368
10 397 376 364 365
11 377 369 372 366 382
15 390 383
25 398 388
28 367 371
42 380 400 373 394 386 401
50 387

DAY = 15
NUMBER_OF_TRUCKS = 14
1 460 441 0 454 444 0 462 452 455 0 457
2 439 456 0 458 445 466
3 451 465
4 459 468 463
5 461 467
6 440 447
7 446 443
8 453 0 449 430
9 427 464 0 442
10 402 0 411
11 399 416
12 450
13 410 396
14 413
NUMBER_OF_TECHNICIANS = 12
5 437 426 434 403 409 436 408 406
10 407
14 395 384
15 418
22 379
25 421
26 423 417
28 412 424 405 432 433 425
30 385
41 435 429 414 415
42 438 431 420 419 404 428
50 422

DAY = 16
NUMBER_OF_TRUCKS = 10
1 496 471 0 487 498 0 475 477 480 0 492 479
2 494 482 0 489 493 0 483 476
3 473 469 0 474
4 499 495 0 500 501 0 490
5 472 497 0 485
6 502 503 0 484
7 478 491 0 486
8 488 470
9 481
10 448
NUMBER_OF_TECHNICIANS = 13
3 399
5 439 455 456 457 446
6 465
9 450 410 416 442 449
10 460
17 461 459 451
18 444 462 468
22 447 396 464 402
25 454
36 441 452
41 440 445 466 467 453 430 427 463
43 443
45 458 411

DAY = 17
NUMBER_OF_TRUCKS = 11
1 512 517 0 513 504 0 507 534 0 530 0 508
2 528 529 0 524 0 522
3 509 506 0 520 533 0 527 510
4 516 525
5 519 531
6 514 505 0 511
7 518 0 526
8 532 521
9 537 536
10 523 535
11 515
NUMBER_OF_TECHNICIANS = 12
5 487 475 495 482 502 497 476 479
6 484 503 488 500
7 490
9 481 413
15 486
17 469
18 496
22 470 448
25 491
28 477 494 483 493 478 474
41 501 492 499
45 489 480 472 498 471 473 485

DAY = 18
NUMBER_OF_TRUCKS = 9
1 556 543 0 566 549 570 0 540 563 0 546 551 0 569
2 558 552 0 550 567
3 547 542 541 0 559
4 554 561 0 555
5 560 0 545 0 565 557
6 553 538
7 548 0 568 564
8 539 544
9 562
NUMBER_OF_TECHNICIANS = 13
7 535 525 531 537 536
9 521
11 517 530
14 508
15 526
17 509 529 523
22 515 522
25 512 513 534 504 506 533 507
28 528
30 519 520
41 524 505 518 511 527 510 532
42 514
45 516

DAY = 19
NUMBER_OF_TRUCKS = 9
1 588 587 0 575 578 0 599 586 0 573 571
2 576 572 0 592 0 598 594
3 600 595 0 579 574 0 585 580
4 584 583
5 582 0 596
6 589 0 591
7 577 0 593
8 590 0 597
9 581
NUMBER_OF_TECHNICIANS = 10
9 559 544 568
17 539
18 566 546 565
22 538 562 555 548 541
26 556 563 550
36 549 570
41 552 567 569 561 564
42 557 542 554 553
45 547
50 560 545 551 558 543 540

DAY = 20
NUMBER_OF_TRUCKS = 0
NUMBER_OF_TECHNICIANS = 8
5 588
6 597
7 581
15 582
17 600 595 572 596 580 589 577 594 591
28 579 573 590
45 585 599 598 592 593 583
50 586 584 587 571 578 575 574 576

DAY = 21
NUMBER_OF_TRUCKS = 0
NUMBER_OF_TECHNICIANS = 0

DAY = 22
NUMBER_OF_TRUCKS = 0
NUMBER_OF_TECHNICIANS = 0

DAY = 23
NUMBER_OF_TRUCKS = 0
NUMBER_OF_TECHNICIANS = 0

DAY = 24
NUMBER_OF_TRUCKS = 0
NUMBER_OF_TECHNICIANS = 0

DAY = 25
NUMBER_OF_TRUCKS = 0
NUMBER_OF_TECHNICIANS = 0
