DATASET = ORTEC Early VeRoLog 2019
NAME = Instance 10

TRUCK_DISTANCE = 240547
NUMBER_OF_TRUCK_DAYS = 251
NUMBER_OF_TRUCKS_USED = 8
TECHNICIAN_DISTANCE = 128594
NUMBER_OF_TECHNICIAN_DAYS = 301
NUMBER_OF_TECHNICIANS_USED = 17
IDLE_MACHINE_COSTS = 0
TOTAL_COST = 25342701100

DAY = 1
NUMBER_OF_TRUCKS = 6
1 11 2 0 5
2 4 10
3 8 7
4 1 6
5 9
6 3
NUMBER_OF_TECHNICIANS = 0

DAY = 2
NUMBER_OF_TRUCKS = 6
1 13 17
2 20 0 12 0 21
3 18 19
4 15
5 14
6 16
NUMBER_OF_TECHNICIANS = 7
10 1
14 10 6
32 9
45 11 4 8 2
68 7
103 3
109 5

DAY = 3
NUMBER_OF_TRUCKS = 3
1 25 0 24
2 26 23
3 22
NUMBER_OF_TECHNICIANS = 5
10 20 13
45 12 21 16
93 17
103 18 19
109 15 14

DAY = 4
NUMBER_OF_TRUCKS = 3
1 33 29 0 28 0 27 0 35 34
2 32 0 30
3 31
NUMBER_OF_TECHNICIANS = 3
10 26 25
14 23
103 22 24

DAY = 5
NUMBER_OF_TRUCKS = 5
1 39 46 0 45 0 36 0 40 37
2 44 43
3 38
4 41
5 42
NUMBER_OF_TECHNICIANS = 5
17 27
33 28
45 33 29 34 35
103 31
109 30 32

DAY = 6
NUMBER_OF_TRUCKS = 4
1 54 55 53 48 0 47
2 56 0 52 0 57
3 62 59 0 60 61
4 51 0 49
NUMBER_OF_TECHNICIANS = 5
10 40
17 39 46 45 36
32 44
93 38 42
109 37 43 41

DAY = 7
NUMBER_OF_TRUCKS = 6
1 71 0 69
2 67 66 68 0 58
3 64 0 63
4 65
5 50
6 70
NUMBER_OF_TECHNICIANS = 5
10 61 56 57
17 54
32 47 48
45 55 53 60 59 51
103 52 62 49

DAY = 8
NUMBER_OF_TRUCKS = 4
1 78 0 77 0 75 0 82 74 79
2 72 0 80
3 81 83 76
4 73
NUMBER_OF_TECHNICIANS = 5
4 50
10 66 68
32 65 70
33 71 58
103 63 64 67 69

DAY = 9
NUMBER_OF_TRUCKS = 6
1 86 90 0 85
2 87 88
3 93 91
4 92
5 89
6 84
NUMBER_OF_TECHNICIANS = 6
4 76 83
10 79
14 73
33 78 75 82 72 74
45 81
103 80 77

DAY = 10
NUMBER_OF_TRUCKS = 4
1 94 99 100
2 98 96
3 97
4 95
NUMBER_OF_TECHNICIANS = 6
10 87
17 93
32 88 91
93 84 92 89
103 90
109 85 86

DAY = 11
NUMBER_OF_TRUCKS = 3
1 105 106 0 104 101 0 103 109
2 108 102 111
3 107 110
NUMBER_OF_TECHNICIANS = 4
17 94 100
45 96
93 98 97 95
109 99

DAY = 12
NUMBER_OF_TRUCKS = 7
1 126 122 0 116 124 0 115 112
2 117 113
3 119 121
4 120 125
5 118 123
6 127
7 114
NUMBER_OF_TECHNICIANS = 6
4 101 109 107
45 105 106 103
68 110
93 111
103 102 108
109 104

DAY = 13
NUMBER_OF_TRUCKS = 5
1 133 132 137 0 138
2 136 0 135
3 131 130
4 129 134
5 128
NUMBER_OF_TECHNICIANS = 7
10 124 120 115 123
14 114
18 121
33 126
45 122 116 117 113
93 127
103 112 119 125 118

DAY = 14
NUMBER_OF_TRUCKS = 6
1 149 0 141 0 148 144
2 150 147 0 140 146
3 151 154
4 139 142
5 152 145
6 153
NUMBER_OF_TECHNICIANS = 6
4 137 138
10 132
32 129 128
45 133
93 134 131 130
109 136 135

DAY = 15
NUMBER_OF_TRUCKS = 6
1 158 164 0 159
2 162 156 166
3 165 155
4 157
5 163 143
6 161 160
NUMBER_OF_TECHNICIANS = 6
10 140
17 149 150
32 151 146 152 139
45 142
103 141 148 144 154 153
109 147 145

DAY = 16
NUMBER_OF_TRUCKS = 5
1 173 178 0 167 172
2 177 171
3 170 169 175
4 168 179
5 176 174
NUMBER_OF_TECHNICIANS = 8
10 162 164 156
14 163 160 155 157
17 165
32 143
33 158
68 166
109 159
115 161

DAY = 17
NUMBER_OF_TRUCKS = 7
1 187 188 0 182 193 185
2 189 181 191
3 180 190
4 183 184
5 194
6 186
7 192
NUMBER_OF_TECHNICIANS = 5
10 172 167 178 173
32 175
33 177
103 170 168 169 176
115 171 179 174

DAY = 18
NUMBER_OF_TRUCKS = 6
1 198 209 0 205
2 195 202 0 197 0 203 200
3 196 207
4 204 199
5 206
6 201
NUMBER_OF_TECHNICIANS = 9
14 191
17 187 182 188 185 190
32 184
45 189 193
63 192
93 186
103 181 183
109 180
115 194

DAY = 19
NUMBER_OF_TRUCKS = 7
1 221 215 0 223
2 213 214 222 0 218 210
3 212 216
4 220 224
5 217
6 211 208
7 219
NUMBER_OF_TECHNICIANS = 6
14 199 200
17 198 204 205 197
18 207
45 195 202 209 196 206
69 201
115 203

DAY = 20
NUMBER_OF_TRUCKS = 4
1 228 232 0 226 231
2 225 229
3 230 227
4 233
NUMBER_OF_TECHNICIANS = 7
14 216 219 208 211
18 213 214 222 210
33 215
63 217
103 218 212 221 223
109 220
121 224

DAY = 21
NUMBER_OF_TRUCKS = 5
1 245 0 242 236 244 0 235 243
2 246 238 239 0 234
3 240 247
4 237
5 241
NUMBER_OF_TECHNICIANS = 6
4 232 229
10 230 233
17 228 226
18 225
45 231
121 227

DAY = 22
NUMBER_OF_TRUCKS = 4
1 260 259 0 253 254 0 256
2 249 258 248
3 255 257 252
4 250 251
NUMBER_OF_TECHNICIANS = 7
4 240
10 242 243 238
33 245 236
45 246 244
93 247
103 239 237 241
109 234 235

DAY = 23
NUMBER_OF_TRUCKS = 3
1 266 267 0 263 0 269 0 268 262
2 265 270 0 261
3 264
NUMBER_OF_TECHNICIANS = 6
10 249 254 253
14 250 251
45 260 259
93 257
103 255
121 258 256 248 252

DAY = 24
NUMBER_OF_TRUCKS = 7
1 280 286 272 284 0 274
2 285 275 0 276
3 281 278
4 273 271
5 283 287
6 282 288
7 277
NUMBER_OF_TECHNICIANS = 6
18 262 268
33 266 263 265
45 267
68 264
103 269 261
115 270

DAY = 25
NUMBER_OF_TRUCKS = 4
1 290 292 0 291 289 293
2 295
3 294
4 279
NUMBER_OF_TECHNICIANS = 8
4 276
10 275 285 282 287
18 284
45 280 272 281
63 274
103 277
109 283 278 286
121 271 273 288

DAY = 26
NUMBER_OF_TRUCKS = 6
1 303 298 296 301 0 305
2 297 0 307
3 299 306
4 304
5 302
6 300
NUMBER_OF_TECHNICIANS = 6
10 291
17 293
32 289
109 292 290
115 295
121 294 279

DAY = 27
NUMBER_OF_TRUCKS = 3
1 311 310 0 308
2 314 0 315 0 312
3 309 313
NUMBER_OF_TECHNICIANS = 8
4 304 305 306 296
10 301
17 297
18 298
32 307
103 300
109 303
115 299 302

DAY = 28
NUMBER_OF_TRUCKS = 4
1 320 317 0 319 0 326 325 316
2 323 324
3 322
4 318 321
NUMBER_OF_TECHNICIANS = 5
10 311
32 308 310
103 312
115 314
121 313 309 315

DAY = 29
NUMBER_OF_TRUCKS = 3
1 332 330 328 0 333
2 334 331 329
3 327
NUMBER_OF_TECHNICIANS = 7
10 316 325
14 318
45 320 326
63 323
68 324
109 319 317
115 322 321

DAY = 30
NUMBER_OF_TRUCKS = 3
1 335 0 339 342 337 0 341 340
2 338 343
3 336
NUMBER_OF_TECHNICIANS = 4
17 332
32 329 334 330
109 328 333 331
115 327

DAY = 31
NUMBER_OF_TRUCKS = 5
1 345 344 352 0 350 362 0 358
2 355 354 0 359
3 357 347
4 348 360 0 349
5 346 361
NUMBER_OF_TECHNICIANS = 3
17 335 341 338
33 339 342 337 340
121 343 336

DAY = 32
NUMBER_OF_TRUCKS = 7
1 364 371 0 365 0 366 369 363
2 373
3 367 372
4 356
5 351
6 353
7 368
NUMBER_OF_TECHNICIANS = 7
4 360
10 346 347 361
18 345
45 344 350 352 354 362
63 357
109 355
121 358 349 348 359

DAY = 33
NUMBER_OF_TRUCKS = 4
1 376 378 0 379 0 377
2 375 380 381
3 374
4 370
NUMBER_OF_TECHNICIANS = 7
10 363 364
17 371 366 373
38 368
68 372
93 351 353
103 356
115 367 369 365

DAY = 34
NUMBER_OF_TRUCKS = 6
1 389 395 0 390 0 386 396
2 391 393
3 385 382 0 388
4 384 383
5 387 392
6 394
NUMBER_OF_TECHNICIANS = 6
18 378
33 376
38 379
93 370
103 375
115 377 380 381 374

DAY = 35
NUMBER_OF_TRUCKS = 7
1 409 0 401
2 399 405 398
3 407 400 403
4 402
5 406
6 404
7 408 397
NUMBER_OF_TECHNICIANS = 8
4 394
14 393 383 384 385
18 395
32 388
33 389 386
38 382 391
109 390
121 392 387 396

DAY = 36
NUMBER_OF_TRUCKS = 5
1 411 413 0 410
2 418 420 0 416 417
3 419 412
4 414
5 415
NUMBER_OF_TECHNICIANS = 8
4 400 398
38 399
68 406 404
93 397
103 401 408
109 409
115 403
121 407 402 405

DAY = 37
NUMBER_OF_TRUCKS = 5
1 429 0 425 0 422 428 0 424 427
2 421 0 431
3 423 426
4 430
5 432
NUMBER_OF_TECHNICIANS = 6
10 413
17 411 420 410 412
18 419
33 418 416 417
63 414
93 415

DAY = 38
NUMBER_OF_TRUCKS = 5
1 444 441 0 449 439 0 440 0 446 438
2 448 436 445
3 434 442
4 450 0 447
5 443 437
NUMBER_OF_TECHNICIANS = 5
4 430 426
10 431 424
14 432
33 429 422 425 428 421 423
38 427

DAY = 39
NUMBER_OF_TRUCKS = 5
1 468 0 451 0 467 466 0 463 459
2 454 460 0 455
3 452 464
4 456 458
5 465 435
NUMBER_OF_TECHNICIANS = 8
4 445
14 442
17 444 439 441 438 446
33 449
38 440 434
93 447
109 448 436 450
121 443 437

DAY = 40
NUMBER_OF_TRUCKS = 5
1 476 472 0 477 0 470 479 480 0 461
2 478 473
3 471 475
4 482 469 0 474
5 457
NUMBER_OF_TECHNICIANS = 7
4 464
10 463
17 460
33 467 468 451 466 454 459
38 456 452 455
69 458 435
103 465

DAY = 41
NUMBER_OF_TRUCKS = 7
1 483 486 0 485 0 489
2 490 481
3 487
4 484
5 453
6 488
7 433
NUMBER_OF_TECHNICIANS = 5
14 473 469
18 480 475
33 476 478 477 461 474
45 470 472 479 471 482
63 457

DAY = 42
NUMBER_OF_TRUCKS = 7
1 496 502 0 492 0 497 503
2 491 493
3 495 498
4 494 499
5 501
6 500
7 504
NUMBER_OF_TECHNICIANS = 7
10 486
32 453
38 485 489
45 483 490
68 484
103 487 433 481
121 488

DAY = 43
NUMBER_OF_TRUCKS = 4
1 507 508 510 0 506 0 505
2 509
3 511
4 462
NUMBER_OF_TECHNICIANS = 6
4 495 501
38 503 497
45 496 491 498
93 500
109 502 492
115 493 494 499 504

DAY = 44
NUMBER_OF_TRUCKS = 4
1 515 521 512 0 522
2 514 513 517 0 519
3 516 520
4 518
NUMBER_OF_TECHNICIANS = 3
63 462
109 510 507 509 511
115 505 508 506

DAY = 45
NUMBER_OF_TRUCKS = 6
1 531 528 0 529 0 534 0 526 532
2 533 538 525 540
3 535 524
4 530 536
5 527 541
6 523 537
NUMBER_OF_TECHNICIANS = 6
4 518
10 514
18 521
38 522 517 512 515 516
103 513
115 519 520

DAY = 46
NUMBER_OF_TRUCKS = 6
1 546 542 0 544
2 552 550 548
3 549 543
4 551 545
5 547
6 539
NUMBER_OF_TECHNICIANS = 7
4 523
17 528
18 533 532 538 524
33 531 529 534
93 537 541 525 526
115 530
121 527 535 540 536

DAY = 47
NUMBER_OF_TRUCKS = 6
1 568 561 0 555 0 553 570 557
2 556 563
3 565 569 0 559
4 564 562
5 560 566
6 558
NUMBER_OF_TECHNICIANS = 7
14 547
18 542 548
32 545 549
38 552
45 546
115 544 543 539
121 550 551

DAY = 48
NUMBER_OF_TRUCKS = 4
1 573 574 0 585 584 0 589 571 0 578
2 576 583 0 582
3 579 588 0 581 575
4 577 572
NUMBER_OF_TECHNICIANS = 5
4 560 570 557
32 562 569 558 566
38 565 555 556 559
45 561 564 563
109 553 568

DAY = 49
NUMBER_OF_TRUCKS = 8
1 596 591 592 0 599 595
2 600 590
3 593 586
4 598 597
5 587
6 580
7 594
8 567 554
NUMBER_OF_TECHNICIANS = 7
10 582 575 576
17 589 578
32 572
38 579
45 574 573 585 584 571
109 581
121 577 583 588

DAY = 50
NUMBER_OF_TRUCKS = 0
NUMBER_OF_TECHNICIANS = 9
4 598 597
10 592 599 593
32 586
33 596 600
45 591 590
63 587
109 595 567
115 594 554
121 580

DAY = 51
NUMBER_OF_TRUCKS = 0
NUMBER_OF_TECHNICIANS = 0

DAY = 52
NUMBER_OF_TRUCKS = 0
NUMBER_OF_TECHNICIANS = 0

DAY = 53
NUMBER_OF_TRUCKS = 0
NUMBER_OF_TECHNICIANS = 0

DAY = 54
NUMBER_OF_TRUCKS = 0
NUMBER_OF_TECHNICIANS = 0

DAY = 55
NUMBER_OF_TRUCKS = 0
NUMBER_OF_TECHNICIANS = 0
