DATASET = ORTEC Early VeRoLog 2019
NAME = Instance 23

TRUCK_DISTANCE = 539061
NUMBER_OF_TRUCK_DAYS = 491
NUMBER_OF_TRUCKS_USED = 21
TECHNICIAN_DISTANCE = 124972
NUMBER_OF_TECHNICIAN_DAYS = 302
NUMBER_OF_TECHNICIANS_USED = 24
IDLE_MACHINE_COSTS = 48710
TOTAL_COST = 88113040

DAY = 1
NUMBER_OF_TRUCKS = 15
1 14 20 0 5
2 23 2 7
3 13 0 15
4 4 8 22
5 18
6 9 6
7 21
8 19
9 16
10 17
11 11 1
12 10
13 3
14 12
15 24
NUMBER_OF_TECHNICIANS = 0

DAY = 2
NUMBER_OF_TRUCKS = 21
1 31 55 0 32
2 29
3 25
4 35 45
5 44
6 38
7 51 43 48
8 39
9 30 40
10 53 56
11 33
12 52
13 36
14 50
15 34
16 37 41
17 46
18 47
19 28
20 42
21 54
NUMBER_OF_TECHNICIANS = 10
6 4
11 14 20 23 18
18 7 6 21 13 15
29 19
35 24 12
37 1
54 8
56 2 5
69 11
74 9 17 10 3 16 22

DAY = 3
NUMBER_OF_TRUCKS = 16
1 62 65 66 0 57
2 77 63 0 72
3 58 78
4 60 68
5 69
6 73 64
7 75
8 61 76
9 74
10 71
11 67
12 59
13 70
14 26
15 27
16 49
NUMBER_OF_TECHNICIANS = 10
6 40
7 42
11 32
18 44 35 37 56 28
29 34 52 45 46
37 48
54 50 53 39 25 29 38 33 36 47 41
56 55 31 30
69 54
74 43 51

DAY = 4
NUMBER_OF_TRUCKS = 15
1 82 85 83
2 99 0 93
3 98 80
4 79
5 81
6 84 91
7 90
8 96 92
9 88
10 86
11 94
12 97
13 87
14 89
15 95
NUMBER_OF_TECHNICIANS = 11
3 49
11 57
13 62
18 69 64 71 72
22 65
29 74
37 27 70 67
56 77 61 76 68 58
57 26
69 59
74 60 73 78 75 63 66

DAY = 5
NUMBER_OF_TRUCKS = 11
1 114 100 0 115
2 107 110 108
3 106
4 116 113
5 103
6 112
7 111 102
8 109
9 101
10 105
11 104
NUMBER_OF_TECHNICIANS = 8
3 95
6 92
11 82
18 91 87
37 89 90
54 96
56 99 85 98 83 81 93 86 97
74 79 80 94 88 84

DAY = 6
NUMBER_OF_TRUCKS = 17
1 119 0 125 0 129
2 132 120 0 118
3 124
4 134
5 137 130
6 131
7 121 133 140
8 126
9 117
10 128
11 123
12 139
13 127
14 138
15 136
16 122
17 135
NUMBER_OF_TECHNICIANS = 6
11 114 115
18 103 110 113
37 104
56 107 111
57 116 100 105
74 106 112 109 101 102

DAY = 7
NUMBER_OF_TRUCKS = 18
1 154 0 165 0 155
2 146 157 144 0 156
3 147 151
4 167 164
5 162
6 166
7 150 149
8 163 143
9 148
10 152
11 141
12 145
13 153
14 158
15 161
16 159
17 142
18 160
NUMBER_OF_TECHNICIANS = 11
3 135
6 126 139 140
7 121 117
13 132 119 120
22 125
29 128 138 136
49 123 133
54 131 124 137 130 127 129
57 134
65 118
69 122

DAY = 8
NUMBER_OF_TRUCKS = 19
1 173 0 182 176 0 180
2 178 184
3 171 174
4 194 0 187
5 186
6 190 196
7 179 191
8 169
9 185 188 199
10 168
11 195 197
12 183
13 170
14 177
15 189 193
16 181
17 192
18 198
19 175
NUMBER_OF_TECHNICIANS = 12
3 160
7 167 156 147 146 144
13 165
22 154 155 151
29 166 164 145
34 158
35 142
38 152
48 153
49 163 150
54 141 148 162 149 143 161
57 157

DAY = 9
NUMBER_OF_TRUCKS = 17
1 216 217
2 213 0 210
3 202 200
4 208
5 215
6 206 219
7 212 214 221
8 218
9 201
10 220
11 209
12 203
13 204
14 205
15 211
16 172
17 207
NUMBER_OF_TECHNICIANS = 11
6 191
7 159
11 182
18 197 195 198 168 179
22 173
29 181 186 176
37 199
38 184 185 194 180
48 170 189 175 193 192 196 190
56 187 183 177 174 171 178
57 188 169

DAY = 10
NUMBER_OF_TRUCKS = 19
1 241 242 0 238
2 243 0 251 0 247
3 234 224
4 236 237
5 248 240
6 250 246
7 228
8 235 254
9 252 249
10 226
11 256
12 244
13 232
14 245
15 223
16 233 239
17 253
18 255
19 227
NUMBER_OF_TECHNICIANS = 7
3 205
18 214 215 208 219 201
29 211 220
37 207 172
38 217 200 210 216
48 209 204 212 202
74 213 206 218 221 203

DAY = 11
NUMBER_OF_TRUCKS = 20
1 263 0 275
2 260 259
3 277 0 262
4 273 261
5 276
6 271
7 268
8 257 270 267
9 269
10 274
11 278 225
12 280
13 258
14 222
15 266
16 272
17 264
18 279
19 229
20 230
NUMBER_OF_TECHNICIANS = 12
3 237
6 233 253 232
7 238
18 246 227 252 223
22 241 243
29 255 254 235 248 228 245 249
37 226
48 250 224 242 240
56 234 247 236 244
57 239
65 251
74 256

DAY = 12
NUMBER_OF_TRUCKS = 20
1 283 0 296
2 295 299
3 300 0 292
4 303 294 304
5 284
6 281
7 302
8 288
9 293
10 282
11 297
12 289
13 298
14 291
15 286
16 290
17 287
18 285
19 231
20 301
NUMBER_OF_TECHNICIANS = 8
18 261 276 259 266 225
37 230 229 279
48 269 271 257 277 263 260 262
49 222
54 278
56 270 264
57 273 275
74 268 258 272 267 280 274

DAY = 13
NUMBER_OF_TRUCKS = 15
1 323 324 0 314
2 305 316 0 328 322
3 309 318
4 308 310
5 312 330
6 325 329
7 317 315
8 307 265
9 327
10 311
11 321
12 320 313
13 326
14 319
15 306
NUMBER_OF_TECHNICIANS = 11
6 291
7 286
18 302 294 292 299 293
35 290
37 304
38 303
54 289 287
56 295
65 283 296 288
69 231
74 300 281 297 298 284 282

DAY = 14
NUMBER_OF_TRUCKS = 19
1 360 340 0 347
2 355 356 352
3 338 359 357
4 335 332
5 339 342
6 346
7 361
8 358
9 333 343
10 345 349
11 351
12 350
13 337
14 348 354
15 336
16 353
17 344
18 341
19 334 331
NUMBER_OF_TECHNICIANS = 12
6 320
11 323 324 328 316
29 313 321 309
35 319 315
38 307 308
45 329
49 326
52 310
56 305 311
57 322
69 306
74 314 317 330 312 327 318

DAY = 15
NUMBER_OF_TRUCKS = 14
1 372 370 0 376 366
2 377 0 379
3 386 368 383
4 369
5 378 374
6 373 384
7 385 382
8 371 365
9 363
10 381 375
11 362
12 364
13 380
14 367
NUMBER_OF_TECHNICIANS = 12
3 354
6 345
13 360
29 361 336 337 332 353
34 346
38 325
45 347
48 350 349 341 357 339 359
49 344 358 338 352
56 340 356 335 351 343 342 333
57 355 348
69 331 334

DAY = 16
NUMBER_OF_TRUCKS = 16
1 415 399
2 414 406
3 412 403
4 390
5 401
6 413 402
7 407 405 410
8 396 394
9 395 397
10 411 393
11 398
12 409
13 391 388 404
14 389 400
15 408
16 392 387
NUMBER_OF_TECHNICIANS = 9
18 381 363 375 374 378
29 362 384 365 385 369 364
37 265
38 379 377 368
48 383
49 371 372
55 373
65 370 376 366 386 382
69 367 380

DAY = 17
NUMBER_OF_TRUCKS = 16
1 423 436 0 434 428
2 416 435
3 418
4 425
5 426
6 430
7 429
8 419
9 422
10 431 417
11 433
12 427 432 438
13 437
14 424
15 421
16 420
NUMBER_OF_TECHNICIANS = 13
3 391 408
18 301 285
35 389
37 388 404 392 400
38 403 412 415
45 413
48 402 398 411 410 407 406
49 409
54 393 401
55 405 397
57 399
69 387 396
74 414 395 390

DAY = 18
NUMBER_OF_TRUCKS = 16
1 446 0 453
2 445 454
3 460 451
4 441 456
5 458
6 443
7 440
8 450
9 449
10 459
11 457 442
12 439 455
13 444
14 447
15 448
16 452
NUMBER_OF_TECHNICIANS = 11
3 421
11 423
18 426 437
28 431
29 430
35 424
37 417
48 429 419 427
55 422 433 432
56 416 418 394
74 428 436 434 425 435 438

DAY = 19
NUMBER_OF_TRUCKS = 17
1 482 468 0 462
2 467 0 480
3 471 485
4 466 477
5 483 484
6 479
7 474
8 461
9 464
10 465
11 486 472
12 481 470
13 475
14 463 478
15 476
16 473
17 469
NUMBER_OF_TECHNICIANS = 10
3 452
7 447
18 456 457 458
28 442 439
29 459 440 445
37 455 448
48 441 449 444 454
54 443 453 451 460
55 450
56 446

DAY = 20
NUMBER_OF_TRUCKS = 21
1 491 0 501
2 494 507
3 498 511 513
4 499 503
5 487
6 490 512
7 489 509
8 510
9 492 496
10 514
11 497
12 505
13 504
14 493
15 488
16 506
17 502
18 500
19 495
20 515
21 508
NUMBER_OF_TECHNICIANS = 10
6 475
18 476 473 478 467
22 482
28 470 469
29 464 461 484 477 486 472
38 479
55 483 474 463
56 468 466 480 481
65 462
74 471 485 465

DAY = 21
NUMBER_OF_TRUCKS = 16
1 526 530 527
2 538 519 0 529
3 533 531
4 521 528
5 537
6 525
7 517
8 534
9 524
10 536
11 535
12 522 523
13 518
14 516
15 532
16 520
NUMBER_OF_TECHNICIANS = 10
3 502
29 492 511 499 498 503 514
35 495
37 500 515
38 490 505 512
54 509
56 491 501 489 510 497 504
57 496
65 494 507
74 487 513 506 488 493

DAY = 22
NUMBER_OF_TRUCKS = 17
1 562 0 541 0 543 0 557
2 540 558 0 555
3 544 552 0 566
4 568 565 547
5 554 561 548
6 556 560
7 539
8 564
9 542
10 559
11 570 563
12 569
13 546
14 549
15 567
16 551
17 553
NUMBER_OF_TECHNICIANS = 8
7 532
11 526 530 538 519
29 522 534 537 525 517 528
35 520
38 521
48 535 518 516
49 536 524
56 533 527 531 529 523

DAY = 23
NUMBER_OF_TRUCKS = 19
1 592 0 597 0 583 590
2 586 589
3 584 0 596
4 593
5 580 595
6 594 573
7 581 587
8 579 578
9 576
10 588 585
11 582
12 574
13 577
14 550
15 598
16 575
17 572
18 545
19 571 591
NUMBER_OF_TECHNICIANS = 8
11 543 565
13 562 541 568 566
18 546 542 548 564 558
34 567
38 554 547 555 544 552 540
48 549 569
55 560 570 563 551 557 556 559
74 561 553 539

DAY = 24
NUMBER_OF_TRUCKS = 20
1 621 622
2 607 0 608
3 616 0 624
4 618 617
5 601
6 626
7 603 623
8 614
9 605
10 612
11 609
12 620 599
13 610
14 602
15 619
16 604
17 613
18 625 611
19 606
20 615
NUMBER_OF_TECHNICIANS = 16
6 582
7 578
11 592
13 586
18 580 588 595 593
28 572
34 577
35 591
37 545
38 596 583 597 584
48 589 598
54 594
55 576 573 587 581
57 550 575 585
65 590 579
74 574

DAY = 25
NUMBER_OF_TRUCKS = 16
1 637 628 0 632 647 0 633
2 635 0 634
3 644 630
4 627
5 651 641
6 636 650
7 640
8 631
9 646
10 649
11 639
12 645 629
13 648 643
14 638
15 642
16 600
NUMBER_OF_TECHNICIANS = 13
3 611
18 571 508 420
22 621
28 625
29 622 612 626 624 599 604
35 615
37 606 623
48 605
49 619
55 617 609 613
56 608 618 601
57 614
74 607 616 603 620 610 602

DAY = 26
NUMBER_OF_TRUCKS = 13
1 654 656 658 0 660
2 666 0 657
3 652 671
4 662
5 667
6 670 665
7 661 668
8 664
9 663
10 655
11 669
12 653
13 659
NUMBER_OF_TECHNICIANS = 8
11 637 628 632 644
18 650 639 629 651 643
28 638
29 649 640
37 642 600
48 641 627 646 631 648
56 634 630 636 645
65 647 633 635

DAY = 27
NUMBER_OF_TRUCKS = 19
1 684 689 677
2 672 0 682
3 695 0 688
4 686 673 681
5 704
6 692
7 702 687
8 696 678
9 694 690
10 703 693
11 680
12 691
13 700 701 679
14 675
15 685 676
16 697
17 705 683
18 674
19 699 698
NUMBER_OF_TECHNICIANS = 10
3 665
6 655 662 658
11 654 656
18 669 663 667 661 666
38 671
49 659
55 668 653
56 660 670
57 652
74 657 664

DAY = 28
NUMBER_OF_TRUCKS = 14
1 719 711 0 714
2 721 725 0 722
3 708
4 727 715
5 709 710
6 723 726
7 712
8 706
9 717
10 724
11 718
12 716
13 713 707
14 720
NUMBER_OF_TECHNICIANS = 13
3 699
7 679
13 684
29 689 702 692 703 685
35 674 697
37 698 705
38 686 688
54 680
55 678 677 691 696 690 693 700
56 681
57 673 695
65 682 672
74 704 687 701 675 676 694

DAY = 29
NUMBER_OF_TRUCKS = 15
1 733 732 736 0 749
2 738 742
3 731 750
4 735 748
5 734 744
6 746
7 745 730
8 741
9 740
10 739
11 743
12 729
13 747
14 728
15 737
NUMBER_OF_TECHNICIANS = 10
3 718
6 726
7 713
28 717
37 720 707 716
48 709 706 715
55 724
56 725 721 722 727 723 710
57 712
65 711 719 714 708

DAY = 30
NUMBER_OF_TRUCKS = 0
NUMBER_OF_TECHNICIANS = 11
18 748 729 734 750
22 733 732
28 730
34 741 749 745 742
37 728 737
38 731 738
45 736
49 747
55 744 740 739 743
57 735
74 746

DAY = 31
NUMBER_OF_TRUCKS = 0
NUMBER_OF_TECHNICIANS = 1
18 108 683

DAY = 32
NUMBER_OF_TRUCKS = 0
NUMBER_OF_TECHNICIANS = 0

DAY = 33
NUMBER_OF_TRUCKS = 0
NUMBER_OF_TECHNICIANS = 0

DAY = 34
NUMBER_OF_TRUCKS = 0
NUMBER_OF_TECHNICIANS = 0

DAY = 35
NUMBER_OF_TRUCKS = 0
NUMBER_OF_TECHNICIANS = 0
