DATASET = ORTEC Early VeRoLog 2019
NAME = Instance 2

TRUCK_DISTANCE = 138152
NUMBER_OF_TRUCK_DAYS = 135
NUMBER_OF_TRUCKS_USED = 9
TECHNICIAN_DISTANCE = 52753
NUMBER_OF_TECHNICIAN_DAYS = 121
NUMBER_OF_TECHNICIANS_USED = 12
IDLE_MACHINE_COSTS = 0
TOTAL_COST = 13821822400

DAY = 1
NUMBER_OF_TRUCKS = 6
1 1 3 2
2 9 13 0 11 10
3 4 5
4 15 7
5 6 14 8
6 12
NUMBER_OF_TECHNICIANS = 0

DAY = 2
NUMBER_OF_TRUCKS = 8
1 25 27 16 0 33 18
2 19 29 21
3 17 28
4 20 23
5 26
6 32 22
7 24
8 31 30
NUMBER_OF_TECHNICIANS = 5
17 13 6
23 12 5 4
36 2 3 1 15
41 9
48 11 10 7 8 14

DAY = 3
NUMBER_OF_TRUCKS = 7
1 36 44 43 41 0 51 39
2 49 0 45
3 48 50 37 34
4 53 52 46
5 47 40
6 42 38
7 35
NUMBER_OF_TECHNICIANS = 7
8 19
16 22 23 31
17 29 21
23 24
36 33 27 25 16
41 17 30
48 20 18 32 26 28

DAY = 4
NUMBER_OF_TRUCKS = 5
1 63 58 55
2 59 0 62
3 54 56
4 61 64
5 60 57
NUMBER_OF_TECHNICIANS = 6
8 44 49 52
9 50
16 35 46 38 34 37 39
17 48
36 41 51 36
48 40 47 45 53 43 42

DAY = 5
NUMBER_OF_TRUCKS = 8
1 75 74 79 71
2 68 0 77
3 70 72 65
4 78
5 73 80
6 76
7 67 66
8 69
NUMBER_OF_TECHNICIANS = 4
16 55 57
17 58 63
36 54
48 64 60 62 61 56 59

DAY = 6
NUMBER_OF_TRUCKS = 8
1 100 84 82 85
2 91 0 99 95
3 94 0 97
4 87 83
5 89 98
6 92
7 90 88
8 86
NUMBER_OF_TECHNICIANS = 6
9 78 76 77 65
17 74
23 66
36 70 72 71 68 75
41 79
48 67 80 73 69

DAY = 7
NUMBER_OF_TRUCKS = 9
1 117 105 110 0 116
2 111 113 114
3 102 115 107
4 109 112
5 101 106
6 81
7 108
8 104
9 96 93
NUMBER_OF_TECHNICIANS = 7
2 99 95 85
8 100 91 94
9 92 86 98 88 83 87
16 97
23 90
38 89
41 82 84

DAY = 8
NUMBER_OF_TRUCKS = 6
1 123 0 127 0 126
2 125 119 120
3 128 121
4 122 118
5 124
6 103
NUMBER_OF_TECHNICIANS = 7
2 105 116 110
8 117
9 113 106 112 109
16 93 104 96 81 101 114
23 108
30 115 107
41 102 111

DAY = 9
NUMBER_OF_TRUCKS = 6
1 136 0 137
2 138 133 139 135
3 134 0 141
4 140 130 131
5 129
6 132
NUMBER_OF_TECHNICIANS = 8
8 123
9 118
16 124
23 103 121 126
30 120
36 128
41 127
48 122 119 125

DAY = 10
NUMBER_OF_TRUCKS = 5
1 142 146 149
2 150 0 151
3 143 145
4 147
5 144 148
NUMBER_OF_TECHNICIANS = 6
9 134 137 136
16 131 132
17 138
30 139 133 130 140 141
36 129
48 135

DAY = 11
NUMBER_OF_TRUCKS = 9
1 159 153 161 158
2 154 171 155 0 156
3 152 167
4 169 168
5 170 162
6 166
7 172
8 165
9 163
NUMBER_OF_TECHNICIANS = 5
2 142
16 148
17 143 150
36 151 149 146 144
48 145 147

DAY = 12
NUMBER_OF_TRUCKS = 9
1 179 184 185
2 186 0 182
3 183 176
4 180 173
5 178 177
6 181
7 174
8 157
9 160
NUMBER_OF_TECHNICIANS = 8
8 159
17 155
23 162 163
30 168 158
36 152 153 161 170 167 166 165
40 156
41 169 171 154
48 172

DAY = 13
NUMBER_OF_TRUCKS = 8
1 203 208 193
2 190 0 202
3 194 206 191
4 195 196 0 199
5 197 189 204
6 200 188
7 198
8 192
NUMBER_OF_TECHNICIANS = 7
2 183 174
8 179 186
17 185
23 157 160 181
36 182 178
40 184 180 176
48 173 177

DAY = 14
NUMBER_OF_TRUCKS = 8
1 209 210 0 212 0 214
2 216 218 211 219 215
3 187
4 217 213
5 207 205
6 201
7 175
8 220
NUMBER_OF_TECHNICIANS = 5
2 203 208 199
8 190 202
9 198 192 200 196 195 194
16 204 189
30 188 191 206 193 197

DAY = 15
NUMBER_OF_TRUCKS = 7
1 230 0 226 0 235
2 231 221 232
3 234 233 227
4 228 0 225
5 224 222
6 223 229
7 164
NUMBER_OF_TECHNICIANS = 6
2 209 210 216
9 219 187 217 211 207 215
16 205 201
23 175 220 213
40 212 214
41 218

DAY = 16
NUMBER_OF_TRUCKS = 7
1 237 238 0 244 241 248 0 236
2 239 251 243 242
3 253 246
4 245
5 252 240
6 250
7 247 249
NUMBER_OF_TECHNICIANS = 7
9 225 233 224 222 229
16 164
17 231 221
30 227
36 232
40 223 235
48 228 234 230 226

DAY = 17
NUMBER_OF_TRUCKS = 6
1 261 0 259 254 257 0 270 267 265
2 264 266 269
3 256 262
4 268 255
5 260
6 258 263
NUMBER_OF_TECHNICIANS = 9
2 239
8 237 238
9 247
16 240 242 252 246 243 251
17 253
30 249
40 236
41 248 244 241
48 245 250

DAY = 18
NUMBER_OF_TRUCKS = 8
1 284 273 0 275
2 287 276 0 271
3 280 272
4 282 274 278
5 286 279
6 277
7 283 285
8 281
NUMBER_OF_TECHNICIANS = 8
2 259 254
8 261 270 264
9 262 263 260 258 268
17 266
30 269 255
36 267 256
41 257
48 265

DAY = 19
NUMBER_OF_TRUCKS = 5
1 298 289 291 0 293
2 299 300 296 295
3 290 297 292
4 294
5 288
NUMBER_OF_TECHNICIANS = 6
8 275
16 285
23 279 283
36 276 274 278 286 273 284 281
40 287 282 271 272 280
48 277

DAY = 20
NUMBER_OF_TRUCKS = 0
NUMBER_OF_TECHNICIANS = 4
16 294 292 288
30 296 295 290 297 299
36 293 289 291 298
48 300

DAY = 21
NUMBER_OF_TRUCKS = 0
NUMBER_OF_TECHNICIANS = 0

DAY = 22
NUMBER_OF_TRUCKS = 0
NUMBER_OF_TECHNICIANS = 0

DAY = 23
NUMBER_OF_TRUCKS = 0
NUMBER_OF_TECHNICIANS = 0

DAY = 24
NUMBER_OF_TRUCKS = 0
NUMBER_OF_TECHNICIANS = 0

DAY = 25
NUMBER_OF_TRUCKS = 0
NUMBER_OF_TECHNICIANS = 0
