DATASET = ORTEC Early VeRoLog 2019
NAME = Instance 6

TRUCK_DISTANCE = 259601
NUMBER_OF_TRUCK_DAYS = 352
NUMBER_OF_TRUCKS_USED = 42
TECHNICIAN_DISTANCE = 61711
NUMBER_OF_TECHNICIAN_DAYS = 164
NUMBER_OF_TECHNICIANS_USED = 25
IDLE_MACHINE_COSTS = 565025
TOTAL_COST = 32131812435

DAY = 1
NUMBER_OF_TRUCKS = 37
1 81 0 63 0 45 29 0 43 9
2 19 70 0 72 16 0 57 0 79 0 66
3 12 61 68 0 74 0 30
4 2 1 0 36 14
5 69 0 25 0 83 78
6 85 0 8 0 54 67
7 15 0 42 38 0 86 49
8 21 0 60 0 47 90 51
9 46 31 0 84
10 37 34 50 0 71
11 27 22 28
12 75 91 13
13 65 93 0 44
14 5 32 56
15 88 20
16 53 10 73
17 24 87 23
18 39 33
19 48 62
20 80
21 11
22 82
23 59 92
24 76 4
25 55
26 52
27 35
28 77
29 7
30 89
31 26
32 58
33 18 3 41
34 40
35 6
36 64
37 17
NUMBER_OF_TECHNICIANS = 0

DAY = 2
NUMBER_OF_TRUCKS = 42
1 125 0 141 127 104 0 170 160 0 173 146 0 97 0 129 105 0 156
2 172 186 0 98 0 188 0 110
3 191 176 0 180 195 0 164 159
4 148 96 0 117 103 0 142 177
5 197 165 0 137 0 124 150
6 130 131 0 126 152 0 166
7 181 183 0 193
8 147 138 0 190
9 187 143 157 0 123
10 115 94 0 100
11 169 95 0 140 99
12 133 196 0 120
13 121 132
14 171 194
15 185 136 189
16 184 122
17 178
18 101 163
19 168 134
20 108
21 161 167 182
22 174
23 109
24 111 107
25 145
26 128
27 116
28 106
29 192 112
30 139 114 153
31 118
32 102 155
33 158
34 149
35 119
36 144
37 151
38 154
39 175 135
40 179
41 162
42 113
NUMBER_OF_TECHNICIANS = 17
1 56 40 11 32 64 17
2 16 31 25 57 63 15 8 9 69 54
3 93 30 88 65 50
4 58
6 68 85
7 1 67 84 36 14 86 10 34
9 2 19 70 37 49
15 21 60
16 53 71 59 82 20
17 12 79 61 38 42
19 80 90 5 55 76 13 4 77
20 41 6 92 3
21 81 45 72 29 43
22 24 28 35 33 18
23 7 26 89 62 87 44 39
24 75
25 48 22 27 78 51 47 66 83 46

DAY = 3
NUMBER_OF_TRUCKS = 41
1 248 283 0 225 0 274 269 0 255 207 220 0 236 288
2 240 206 284 0 293 0 285 244 0 287
3 228 239 0 290 0 203 216
4 245 201 0 295 0 242 275
5 291 237 297 0 279 0 271 292
6 212 222 0 282 299
7 260 0 309 278 0 213 262
8 264 268 0 217
9 265 0 267 0 204 231
10 305 241 0 198 261
11 277 0 205
12 273 210 0 209
13 234 256
14 200 214 0 247
15 199 246
16 294 308 0 232
17 218 307 280
18 266 229
19 215 224
20 311 238
21 296 310
22 227 289
23 298 254
24 300 258
25 202 259
26 270
27 303 276
28 233
29 208
30 221
31 281
32 219
33 253
34 211
35 301
36 286 249
37 257
38 272 235
39 263
40 306 226
41 252 223
NUMBER_OF_TECHNICIANS = 17
1 155 154 153 119 114 118 139 167 182
3 166 101 136 161 23
4 196 150 121 95 99 124 159 190 169
6 104 176 197
7 146 147 126 152 181 156 137 103 117 195
8 140 188
9 98 129 96 105 165 142 160 170
15 193 183 132 138 173 131
16 130 164 133 184 123 185
17 172 186 180 97 74
19 115 168
20 135 162 113 151 175 144 179 107
21 141 127 125 148 191
22 110 163 128 52 108
23 189 158 174 94 178 134 102
24 177 187 143
25 194 111 109 73 106

DAY = 4
NUMBER_OF_TRUCKS = 41
1 384 348 374 0 327 321 0 343 389 0 346 398
2 405 392 0 314 0 350 402
3 386 353 0 394 381 0 316 371
4 328 383 0 379 0 313
5 347 362 0 330 0 351 404
6 359 403 0 396 0 315 318
7 333 361 0 358 342 0 376
8 391 393 0 390
9 332 375 319
10 411 360 0 323 399
11 369 372 0 345 354
12 400 325 0 377 368
13 326 0 373
14 364 331
15 387 385 0 339
16 370 0 338
17 366 401
18 317 322 0 406
19 410 365
20 380 397 0 407 395
21 378 412
22 409
23 382 367 337
24 388 329
25 408 334
26 355 324
27 320 413
28 356 243
29 340
30 341
31 349
32 336
33 344
34 335
35 251
36 363 352
37 304 357
38 312
39 250
40 230
41 302
NUMBER_OF_TECHNICIANS = 18
1 259 249 226 301 276 263 280 292 287
2 265 267 220 237 225 205 288 204 231 213
3 256 219 272 257 289
4 214 199 171 122 100 145
7 282 222 260 309 278 244 285 299 277 200
8 216
9 239 228 284 206 203 295 201 245
14 271
15 266 311 300 298 227 241 262 209 247 294
16 218
17 293 290 279 264 157
19 233 232 217 224 303 310 202 211 286
20 223 254 252
21 248 269 274 283 240
22 221 253 258 308 208 270 281 238 275
23 306 229
24 291 255 207 234
25 261 242 297 212 273 236 210 305 198

DAY = 5
NUMBER_OF_TRUCKS = 42
1 514 0 461 476 0 489 438 0 433 499 460 0 498
2 446 419 0 448 0 422 465 0 425 474
3 506 445 444 0 421
4 478 0 516 475 443 0 451 479 0 427 0 464 437
5 455 0 507 0 505
6 457 0 485 0 502 511
7 486 416 509 0 510
8 463 420 0 484 488
9 450 0 512 0 435 429
10 508 471
11 504 481
12 447 424 0 493 441
13 414 0 473
14 432 0 469
15 500 440
16 487 458
17 491 430 470
18 467
19 466 496
20 453
21 439
22 483 426
23 492 452
24 436
25 468
26 434 415
27 472
28 442
29 417 456
30 477 495
31 449 513
32 494
33 431
34 501
35 428 423
36 482 454
37 515
38 418
39 462
40 459
41 480
42 490
NUMBER_OF_TECHNICIANS = 19
1 251 335 363 312 352 304 250 357 329
2 402 404 318 349 370
3 401 365 397 407 337
4 406 403 361 411 353 330
6 321 359
7 323 399 317 354 366 345 313 390 385 319
8 338 326 364 387 360 373
9 328 386 327 394 391 358 381 346
10 347 392
15 316 410 215 296 378 331 371 412
16 314 322 112 192
17 343 332 315 369 400
19 413 235 408 246
20 302 230 243 344
21 384 348 405 383 333
22 376 395 320 355
23 325 388 340 351
24 374 379 362 375 389 396
25 334 368 377 350 380 393 398 342 382

DAY = 6
NUMBER_OF_TRUCKS = 38
1 565 585 529 0 601 0 603 0 519 546 0 525 581 0 533 542
2 572 561 0 587 0 518 555 0 534
3 527 537 541 552 0 586 0 550 610
4 609 605 520 0 556
5 521 597 0 590 0 577
6 535 0 549 0 540
7 602 526 612 0 589
8 564 570 536
9 528 611 593 0 517
10 595 560 0 568 571
11 580 558 0 524 538
12 562 566
13 607 600 539
14 598 551
15 606 531
16 547 563
17 543
18 530
19 608 604
20 588
21 569 594
22 523
23 574
24 583
25 554 576
26 584 596 599
27 557 591
28 567
29 532 573
30 582 613
31 592 545
32 553
33 544
34 522 548
35 575 578
36 579
37 497 559
38 503
NUMBER_OF_TECHNICIANS = 20
1 415 462 418 472 437 464 492 452 468
2 435 474 496 482 501
3 429 511 425 487 471
4 498 420 512 445
6 446 419 516 486
7 447 493 504 414 484 510 500 421 508 444
8 505 488 469 441 424 473
9 451 448 438 489 422 465 463 455
10 460 427 443 475 478
14 502
15 409 483 367 417 442 449
16 457 507 506 467
17 479 485 450 432 339
19 434 436 453 494 341 372
20 459 480 490 513 515 456
21 514 461 433 476 499
22 491
23 423 428 439 120 91 307
24 509
25 466 430 470 477 495 426 458 440 481

DAY = 7
NUMBER_OF_TRUCKS = 37
1 689 633 0 660 0 673 0 643 664 0 614 644
2 656 0 625 0 632 697 0 624 636 708 0 648 0 654
3 653 635 0 678 0 623 0 704 0 677
4 641 674 0 688 0 686
5 645 0 657 0 680 700 0 659
6 655 676 0 630 0 663
7 652 651 711 0 671
8 649 631 0 615 702
9 647 0 642
10 621 683 0 691
11 675 634 650 622
12 687 667 0 695 698
13 696 690 0 626
14 662 0 699
15 693 640
16 618 685
17 617 703
18 672 0 701
19 706 705
20 646
21 669
22 709 710
23 638 679
24 639
25 658 665
26 684 666
27 616 668 627
28 670
29 619
30 694 707
31 628
32 681
33 692
34 620 661
35 637
36 712
37 682
NUMBER_OF_TECHNICIANS = 8
2 549 534 540 557 591 567 592 551 530 556
5 575 548 578 545 553 522
6 572 601 541 527 537 518 587
8 611 528 612 593 610
10 519 555 597 521 546
12 523 598 594 588
13 603
14 565 585 529 561 552 605 609

DAY = 8
NUMBER_OF_TRUCKS = 37
1 769 0 765 0 733 0 721 0 723 783
2 753 746 752 0 762 778 0 726
3 770 725 0 767 0 758 0 789
4 788 781 0 757 0 730
5 797 793 0 735 0 772 745 737
6 775 756 0 754 0 782
7 719 774 0 771 0 790
8 747 795 0 784
9 779 0 750
10 727 751 0 732 787
11 773 749 0 739 744
12 742 734
13 759 794 763
14 722 741
15 718 764
16 761 736
17 755 729
18 748 743
19 720 740
20 777
21 768
22 717
23 766 798
24 716
25 776
26 728
27 786
28 791
29 715 714
30 785 731
31 724
32 713 792
33 796
34 738
35 760
36 780
37 629
NUMBER_OF_TECHNICIANS = 8
2 663 662 607 699 517 615 686 647 535 704
5 712 503 579
6 625 624 653 657 614
10 655 590 676 586 635
12 543 709 670 584
13 641 708 678 623 664
14 689 656 660 632 633 697 636
18 659 631

DAY = 9
NUMBER_OF_TRUCKS = 37
1 884 0 839 880 0 800 0 864 0 870 0 834 0 807
2 869 895 0 830 888 0 855 0 892
3 861 815 0 841 0 833 0 859 842
4 893 885 821 0 845
5 812 827 832 0 854 806
6 799 0 897 0 822
7 858 891 829 0 879
8 852 853 0 837 838 0 803 881
9 899 0 826 0 836
10 900 849 0 808 835
11 894 896 0 860
12 862 814 818
13 811 847
14 810 866 0 801 828
15 817 0 857 882
16 819 824 844 0 863
17 856 0 873 898
18 813 850
19 805 840 843
20 848 883
21 889 887
22 846 0 816
23 886 867
24 809 804
25 871 874
26 851
27 872 825
28 831
29 876
30 868 890
31 823
32 875
33 802
34 878
35 865
36 877
37 820
NUMBER_OF_TECHNICIANS = 23
1 599 715 714 713 792 798 796 724 780
3 720 563 658 701 570
4 730 568 751 773 634 675 727 784 650
5 692
6 645 680 752
7 737 621 750 550 526 696 691 683 690 562
9 733 674 762 725 525 721 770 775
10 767 788 520
11 741
12 777
13 797 793 630
14 719 781 651 783 649
15 790 695 734 600 618 606 748 755 764 698
16 758 795 747 757 542 533 771
17 753 688 581 648 735
18 744
19 638 679 782 722 716 766 569 794 710
20 497 629 682 559 760 738 539 531 637
21 769 765 746 673 643
22 789 768 791 665 628 786 620 681 576 574
23 582 740 324 356 785 544 661
24 756 778 644 602 772
25 706 667 536 547 646 703 538 654 739

DAY = 10
NUMBER_OF_TRUCKS = 0
NUMBER_OF_TECHNICIANS = 20
1 865 820 596 802 823 874 883 871 669
3 687 711 858 774 829
4 813 761 742 821 819 577 589 580 732
7 838 900 899 885 894 854 837 745 852 652
8 879 896 849 844 898 892
9 893 827 862 268 693
11 847
13 895
14 864 861 830 832 807
15 836 856 803 840 805 763 622 617 889 842
16 806 845 857 882 822 824 873
17 888 815 812 841 870
18 809 887 851
19 848 779 564 811 891 826 833 855 799
20 877 731 890 878 843
21 897 853 754 677 726
22 804 810 717 554 850 787
23 818 814 860 700 759
24 884 880 839 869 800 834
25 866 828 886 801 817 859 524 723 416

DAY = 11
NUMBER_OF_TRUCKS = 0
NUMBER_OF_TECHNICIANS = 12
1 640
3 685 668 872 729 776
4 608 558 566 718
7 816 846 672 728 694 831 431 875 116
8 571
9 684
15 808 835 595 642 671 702 626 749 560 863
16 604
17 881
20 532
21 736 616 639 619 743
25 867 868 876 705 825 573 627 613 454

DAY = 12
NUMBER_OF_TRUCKS = 0
NUMBER_OF_TECHNICIANS = 2
4 583 666
21 707 336 149

DAY = 13
NUMBER_OF_TRUCKS = 0
NUMBER_OF_TECHNICIANS = 0

DAY = 14
NUMBER_OF_TRUCKS = 0
NUMBER_OF_TECHNICIANS = 0

DAY = 15
NUMBER_OF_TRUCKS = 0
NUMBER_OF_TECHNICIANS = 0
