DATASET = ORTEC Early VeRoLog 2019
NAME = Instance 3

TRUCK_DISTANCE = 212046
NUMBER_OF_TRUCK_DAYS = 212
NUMBER_OF_TRUCKS_USED = 10
TECHNICIAN_DISTANCE = 89211
NUMBER_OF_TECHNICIAN_DAYS = 204
NUMBER_OF_TECHNICIANS_USED = 16
IDLE_MACHINE_COSTS = 0
TOTAL_COST = 301277260

DAY = 1
NUMBER_OF_TRUCKS = 5
1 3 11 0 9
2 7 2 0 10 6
3 12 1 5
4 4
5 8
NUMBER_OF_TECHNICIANS = 0

DAY = 2
NUMBER_OF_TRUCKS = 5
1 13 20
2 18 19
3 16 22 15
4 14 21
5 17
NUMBER_OF_TECHNICIANS = 6
14 9 10 6 3
20 7 2
27 11 1
51 5 4
65 8
71 12

DAY = 3
NUMBER_OF_TRUCKS = 8
1 39 30 35 0 26 29
2 32 40 28 36
3 27
4 24 31
5 33 34
6 37 38
7 23
8 25
NUMBER_OF_TECHNICIANS = 4
12 19 21 17
14 13 16 22
51 20 14
65 18 15

DAY = 4
NUMBER_OF_TRUCKS = 8
1 56 57
2 41 59 0 58 49
3 53 0 60 44
4 47 54
5 52 55
6 46 45
7 48 43
8 42 50
NUMBER_OF_TECHNICIANS = 9
12 23 26
14 40 38
20 39
27 30
46 35
48 36
51 24 31 33 34 25
63 37
65 27 29 28 32

DAY = 5
NUMBER_OF_TRUCKS = 9
1 62 64 0 75 66
2 63 70
3 71 65
4 68 76 69
5 67
6 61 74
7 73
8 72
9 51
NUMBER_OF_TECHNICIANS = 7
14 58 57 52
20 53
27 47
46 56
51 49 43 54 48 59 42 50 55
63 45
65 46 44 60 41

DAY = 6
NUMBER_OF_TRUCKS = 6
1 78 0 77 84 0 89 81
2 83 82
3 87 86
4 85 0 80
5 88
6 79
NUMBER_OF_TECHNICIANS = 7
9 74
12 63 67 66
14 73
27 62
51 68 76 69 70 72
63 65 71 61 51
65 75 64

DAY = 7
NUMBER_OF_TRUCKS = 7
1 98 94 0 100
2 90 92
3 97 95
4 103 91
5 99 93
6 96 102
7 101
NUMBER_OF_TECHNICIANS = 7
9 79 85 87
12 80 81 86
20 78
27 84 82 83
46 89
63 88
71 77

DAY = 8
NUMBER_OF_TRUCKS = 9
1 120 121 0 109
2 112 105
3 111 106 119 117
4 118 104
5 114 116
6 108 110
7 115 122
8 107
9 113
NUMBER_OF_TECHNICIANS = 8
9 95 101 100 97
12 91 96
27 90
46 94
48 98 92
53 102
54 93
63 103 99

DAY = 9
NUMBER_OF_TRUCKS = 5
1 126 123
2 124 125 129
3 127 130
4 131 128
5 132
NUMBER_OF_TECHNICIANS = 9
12 108
14 106 111 114 116 107 122
46 120 121
48 112
51 118 115 119
53 113
54 104
65 110 109 105
71 117

DAY = 10
NUMBER_OF_TRUCKS = 7
1 133 135 0 140 134
2 146 142 143
3 144 139
4 138 136
5 145
6 137
7 141
NUMBER_OF_TECHNICIANS = 5
14 127 129 130 128 132
46 126
51 131 125
65 123
71 124

DAY = 11
NUMBER_OF_TRUCKS = 8
1 161 149 156
2 158 159 164
3 155 153 150
4 157 147
5 148 152
6 163 162
7 154 160
8 151
NUMBER_OF_TECHNICIANS = 8
9 143 136
12 142
14 138
19 141
48 133 135
51 140 134 144 139
54 145 137
65 146

DAY = 12
NUMBER_OF_TRUCKS = 6
1 173 0 174 165
2 169 176
3 177 171 0 175
4 168 167
5 170 166
6 172
NUMBER_OF_TECHNICIANS = 6
9 154 162 160
14 156
19 151 150 153 155 152
46 161 149
51 157 147 163 148 164 159
71 158

DAY = 13
NUMBER_OF_TRUCKS = 7
1 196 199 0 185 200
2 193 189 179
3 194 195 184
4 180 183 0 186
5 178 190 0 192 188
6 197 181
7 182
NUMBER_OF_TECHNICIANS = 6
9 170 168 171
14 177 165 174
46 173
51 176 169
53 167 166 172
65 175

DAY = 14
NUMBER_OF_TRUCKS = 9
1 215 201 206
2 214 217 0 209 208 207
3 213 218
4 211 203
5 202 204
6 212 205
7 191
8 216
9 187
NUMBER_OF_TECHNICIANS = 9
9 188 178
12 189 195
19 181 183 192
20 200
46 185 199
48 196
63 182 197 186 180 184 193
65 194
71 190 179

DAY = 15
NUMBER_OF_TRUCKS = 8
1 219 234 0 223 0 221
2 230 231
3 220 225
4 228 229
5 224 222
6 232
7 233
8 210
NUMBER_OF_TECHNICIANS = 8
9 203 211 209 206 217
20 215
24 218 204
46 207
53 205
54 191 216 187
65 213 214 208 202
71 201 212

DAY = 16
NUMBER_OF_TRUCKS = 9
1 249 236 239
2 241 243
3 245 248 0 242
4 246 250 238
5 240 198
6 237
7 235
8 227 244
9 226
NUMBER_OF_TECHNICIANS = 8
14 224
19 233 210
20 230
24 229
48 219 234 220
51 228 225 231
63 232
65 222 221 223

DAY = 17
NUMBER_OF_TRUCKS = 9
1 258 262 257
2 261 264
3 251 0 260
4 256 252
5 259
6 253
7 265
8 255 254
9 247
NUMBER_OF_TECHNICIANS = 7
12 226 198
14 245 238 240 246
19 227 244
27 236
46 249 241
51 237 242 248 243 239
65 235 250

DAY = 18
NUMBER_OF_TRUCKS = 8
1 276 268 0 279
2 272 275
3 278 270 266
4 267 269
5 273 271
6 277
7 274
8 263
NUMBER_OF_TECHNICIANS = 8
9 265 254
14 257
19 253 251
46 261
48 258 262
51 264 259 256 260
54 247
63 252 255

DAY = 19
NUMBER_OF_TRUCKS = 7
1 281 284 280
2 295 287 282
3 294 291 283
4 285 290
5 292 289
6 286 288
7 293
NUMBER_OF_TECHNICIANS = 10
9 263
14 275
19 274 266 271
24 269 278
27 268
46 276 272
51 273
53 277
54 279
63 267 270

DAY = 20
NUMBER_OF_TRUCKS = 8
1 297 301 0 306 311
2 305 312
3 299 307 0 313
4 309 300
5 308 296 304
6 302
7 314
8 310
NUMBER_OF_TECHNICIANS = 7
9 293
12 283
14 282 280 289 290
24 288
46 281 287 295
51 294 285 284
65 291 292 286

DAY = 21
NUMBER_OF_TRUCKS = 8
1 315 319 328 0 317
2 318 0 327 329
3 320 316
4 323 324
5 321 303
6 325 322
7 326
8 298
NUMBER_OF_TECHNICIANS = 8
9 309 299
12 312 305
24 300
27 297
53 296 304
54 310 308 301
63 313
65 311 306 314 302 307

DAY = 22
NUMBER_OF_TRUCKS = 4
1 335 336 0 332 337
2 334 331 339
3 341 340 330
4 338 333
NUMBER_OF_TECHNICIANS = 8
9 303 325 326
12 329 327 324
17 298
19 316 328 318 319 317 321
24 315
27 320
53 323
63 322

DAY = 23
NUMBER_OF_TRUCKS = 7
1 363 351 348
2 361 344 0 357 347
3 359 345 346 355
4 342 0 360 350
5 353 354
6 358 356 0 352
7 343 362 349
NUMBER_OF_TECHNICIANS = 5
14 339 333 331 332
27 336
48 335 334
51 341 340 330 338
63 337

DAY = 24
NUMBER_OF_TRUCKS = 8
1 371 370 0 373
2 369 377
3 375 372
4 364 366
5 379 374
6 376 367
7 378
8 365 368
NUMBER_OF_TECHNICIANS = 6
12 346 347 357
14 359 345 344
51 349 358 343 362 360 351 348
63 356 350 342 352 354 355
65 353
71 363 361

DAY = 25
NUMBER_OF_TRUCKS = 7
1 382 381 390
2 391 386
3 388 380
4 389 392
5 383 384
6 385
7 387
NUMBER_OF_TECHNICIANS = 6
9 372 376 374 367 378
24 379
46 371
51 375 366 364 370 369
54 377 365 368
63 373

DAY = 26
NUMBER_OF_TRUCKS = 6
1 395 393 404
2 401 0 398 394
3 403 0 396
4 399
5 402 397
6 400
NUMBER_OF_TECHNICIANS = 6
12 384 385
19 380 386
27 382
51 388 391 381
53 383 389 390
54 392 387

DAY = 27
NUMBER_OF_TRUCKS = 6
1 406 407 415 0 414 412
2 409 417
3 405 416 0 411
4 413
5 408
6 410
NUMBER_OF_TECHNICIANS = 6
9 396
12 397 404
14 403
17 400
20 401
51 398 394 393 399 402 395

DAY = 28
NUMBER_OF_TRUCKS = 10
1 418 428 424
2 419 429
3 425 426
4 427 432
5 423
6 430
7 422
8 421
9 431
10 420
NUMBER_OF_TECHNICIANS = 4
12 410 415
14 417 412 409 407 406
19 413 408 411 414
65 416 405

DAY = 29
NUMBER_OF_TRUCKS = 8
1 450 436 0 444 433
2 448 445
3 449 437 0 438 446
4 441 435
5 447
6 442 443
7 440 434
8 439
NUMBER_OF_TECHNICIANS = 7
9 426 429 427
12 420 425
14 418 428
17 432 424 431
19 421
27 419
65 422 430 423

DAY = 30
NUMBER_OF_TRUCKS = 0
NUMBER_OF_TECHNICIANS = 9
9 443
12 439
14 446 440 434
27 450
48 448
51 449 438 442 444 433
53 435
65 441 447 437
71 436 445

DAY = 31
NUMBER_OF_TRUCKS = 0
NUMBER_OF_TECHNICIANS = 0

DAY = 32
NUMBER_OF_TRUCKS = 0
NUMBER_OF_TECHNICIANS = 0

DAY = 33
NUMBER_OF_TRUCKS = 0
NUMBER_OF_TECHNICIANS = 0

DAY = 34
NUMBER_OF_TRUCKS = 0
NUMBER_OF_TECHNICIANS = 0

DAY = 35
NUMBER_OF_TRUCKS = 0
NUMBER_OF_TECHNICIANS = 0
