DATASET = ORTEC Early VeRoLog 2019
NAME = Instance 5

TRUCK_DISTANCE = 412493
NUMBER_OF_TRUCK_DAYS = 399
NUMBER_OF_TRUCKS_USED = 13
TECHNICIAN_DISTANCE = 149893
NUMBER_OF_TECHNICIAN_DAYS = 401
NUMBER_OF_TECHNICIANS_USED = 20
IDLE_MACHINE_COSTS = 980
TOTAL_COST = 15036593380

DAY = 1
NUMBER_OF_TRUCKS = 13
1 12 16
2 6 0 19
3 7 8
4 14 0 2
5 17 1
6 10
7 9
8 11
9 5 13
10 18
11 15
12 4
13 3
NUMBER_OF_TECHNICIANS = 0

DAY = 2
NUMBER_OF_TRUCKS = 7
1 31 27 20
2 28 32 26
3 33 22
4 21 23
5 25 29
6 30
7 24
NUMBER_OF_TECHNICIANS = 8
53 11 10
67 4
69 15 5
85 7
87 12 6 19 2
90 16 8 14 17
95 1 9
105 18 13 3

DAY = 3
NUMBER_OF_TRUCKS = 10
1 51 45 36 48
2 41 35 44
3 39 0 34
4 42 47 38
5 40
6 37
7 43
8 49
9 46
10 50
NUMBER_OF_TECHNICIANS = 6
45 24
67 28
69 30 23 22 29
76 20 25
90 21 26
95 32 31 27 33

DAY = 4
NUMBER_OF_TRUCKS = 12
1 53 62 0 54 55
2 61 72
3 68 70 0 59
4 63 0 66
5 69 65
6 58
7 64
8 71
9 60 57
10 56
11 67
12 52
NUMBER_OF_TECHNICIANS = 9
3 51 45
4 46 50
53 37
67 43 35 41
69 40
76 44 47 49
87 36 39
90 34
95 42 48 38

DAY = 5
NUMBER_OF_TRUCKS = 6
1 73 77 75
2 80
3 78 79
4 81 82
5 74
6 76
NUMBER_OF_TECHNICIANS = 8
3 53
53 67 57
67 58 52
69 63 59 56
87 62 70 61
90 72 55 71
95 68 54
105 64 60 65 69 66

DAY = 6
NUMBER_OF_TRUCKS = 10
1 93 98 97
2 100 92
3 85 96
4 94 90 89
5 99
6 83 86
7 91 87
8 95
9 88
10 84
NUMBER_OF_TECHNICIANS = 6
4 74
45 78 75
67 81 79
69 82
90 80 77 73
115 76

DAY = 7
NUMBER_OF_TRUCKS = 10
1 103 112 0 104 0 118
2 108 107 106 117
3 110 111 113
4 120 116
5 115 114 109
6 102
7 101
8 119
9 121
10 105
NUMBER_OF_TECHNICIANS = 9
3 93 100
4 91 86
24 88
45 87 90
56 98
68 84
76 99 96 95
95 92 85
115 97 83 89 94

DAY = 8
NUMBER_OF_TRUCKS = 7
1 131 128 0 129
2 130 0 132
3 125 122
4 124 127
5 126
6 133
7 123
NUMBER_OF_TECHNICIANS = 9
3 108
4 119 109 121 114 116
53 102
56 112
61 107
76 106 117
87 103 104 118 110
95 111 115
115 120 113 101 105

DAY = 9
NUMBER_OF_TRUCKS = 7
1 141 144 135
2 136 146 139
3 138 0 145
4 142 147
5 140
6 143
7 137 134
NUMBER_OF_TECHNICIANS = 8
4 123
24 133
67 126 127
76 124 132
87 131
95 128 129
105 122
115 125 130

DAY = 10
NUMBER_OF_TRUCKS = 10
1 160 154 0 158
2 150 0 161
3 157 166 0 162
4 153 149 155
5 164 0 152
6 159 148
7 151
8 156
9 163
10 165
NUMBER_OF_TECHNICIANS = 8
3 141
45 139 134 143
53 140 147
56 136
61 144
67 145 142 146
76 135 137
95 138

DAY = 11
NUMBER_OF_TRUCKS = 7
1 167 175 0 176
2 170 178
3 171 174
4 168 0 173
5 172 179
6 169
7 177
NUMBER_OF_TECHNICIANS = 9
53 151 155 164 158
61 160 149
67 150 153
69 163
87 161
90 156
95 152 159 157 166 154 162
105 165
115 148

DAY = 12
NUMBER_OF_TRUCKS = 11
1 196 205 185 0 195
2 194 0 200
3 204 181 192
4 202 199
5 184 198
6 187 0 186
7 183 180
8 190 191 0 189
9 197 207
10 203 201
11 206
NUMBER_OF_TECHNICIANS = 8
3 170
53 178 177
56 167
61 175
67 169
69 168
76 174
115 173 171 179 172 176

DAY = 13
NUMBER_OF_TRUCKS = 13
1 209 214 224
2 213 0 215
3 210 222
4 218 219
5 216 217
6 221 220
7 225
8 212 211
9 193
10 223
11 188
12 208
13 182
NUMBER_OF_TECHNICIANS = 10
3 196
45 191 202
61 194 204
67 206
68 207
69 180 199 184
76 198 201
90 186 185 192 189 183
105 203
115 195 181 205 187 197 190 200

DAY = 14
NUMBER_OF_TRUCKS = 6
1 227 233 237
2 232 0 229
3 236 0 228 231
4 230 226
5 235
6 234
NUMBER_OF_TECHNICIANS = 10
4 193 188
53 213
56 214
76 225 215 221 219 210
83 182
87 209
90 224
95 218 216
105 223 208
115 220 217 212 211 222

DAY = 15
NUMBER_OF_TRUCKS = 10
1 253 240 239 0 250
2 258 255 243
3 242 259 0 256
4 252 247 241
5 246 245
6 248 251
7 244 238
8 254
9 249
10 257
NUMBER_OF_TECHNICIANS = 8
4 237
45 234
53 235
61 227
76 230 226
83 236
95 233 232 228
115 231 229

DAY = 16
NUMBER_OF_TRUCKS = 5
1 264 263
2 262 267 265
3 269 261
4 268 260
5 266
NUMBER_OF_TECHNICIANS = 10
3 253 239
53 249
61 258
67 243
69 251 241 257
76 248 245 247
83 259 254
87 240 255 250 242
90 252 244 238
95 246 256

DAY = 17
NUMBER_OF_TRUCKS = 8
1 270 277 0 278 279
2 274 276
3 273 271
4 283 282
5 275
6 280 272
7 281
8 284
NUMBER_OF_TECHNICIANS = 6
4 266
45 269
69 268 260 262
83 267 265
90 263 261
95 264

DAY = 18
NUMBER_OF_TRUCKS = 10
1 296 0 290 0 293
2 287 292
3 300 295
4 297 285
5 299
6 288
7 294
8 286 289
9 291
10 298
NUMBER_OF_TECHNICIANS = 10
3 270
4 281 273
45 272 276 282
53 279 278
68 280
69 275
83 271
90 277 284
95 274
105 283

DAY = 19
NUMBER_OF_TRUCKS = 8
1 309 306
2 312 302
3 303 305
4 308 313 301
5 307
6 310
7 311
8 304
NUMBER_OF_TECHNICIANS = 9
45 286 287 297 300
53 293 290 285
69 299 298
76 291 289
85 295
87 296
90 292
105 294
115 288

DAY = 20
NUMBER_OF_TRUCKS = 6
1 323 321 326
2 325 0 316
3 315 314 319
4 317 320
5 324
6 318 322
NUMBER_OF_TECHNICIANS = 7
4 310 304
60 301
69 303
87 309
90 306 312 302 313 307
105 311
115 308 305

DAY = 21
NUMBER_OF_TRUCKS = 10
1 333 327 0 339
2 330
3 337 340
4 336
5 335
6 331
7 332 329
8 334 328
9 341
10 338
NUMBER_OF_TECHNICIANS = 8
24 318
53 325 316 324
56 323
58 322
61 321
76 320
83 326
115 319 317 315 314

DAY = 22
NUMBER_OF_TRUCKS = 7
1 350 347 345
2 343
3 352 351
4 344 349
5 346
6 348
7 342
NUMBER_OF_TECHNICIANS = 11
3 327
4 331 329
45 334
53 330
56 339
58 328
61 333
67 337 335 332
68 341
76 340 336
105 338

DAY = 23
NUMBER_OF_TRUCKS = 9
1 359 355 357 0 366
2 361 353 360
3 358 0 363
4 354 371
5 368 362
6 365 0 370
7 356 369
8 364
9 367
NUMBER_OF_TECHNICIANS = 5
69 344 346
76 348
95 350 347
105 351 343
115 352 345 342 349

DAY = 24
NUMBER_OF_TRUCKS = 9
1 381 389 386
2 373 0 382 383
3 380 384
4 387 375 377
5 374 379 385
6 372
7 390
8 376 388
9 378
NUMBER_OF_TECHNICIANS = 11
4 364
53 358
60 368
68 356 367
69 369
76 362 363
83 357
87 359
90 354 370 360 366
95 365
115 353 371 361 355

DAY = 25
NUMBER_OF_TRUCKS = 4
1 391 395
2 396 397
3 392 394
4 393
NUMBER_OF_TECHNICIANS = 8
53 373 386
56 380
61 381
69 376
83 375
90 379 385 390 372 387
95 382 383 384 389
115 377 374 388 378

DAY = 26
NUMBER_OF_TRUCKS = 8
1 399 406 409
2 408 0 405
3 401 404
4 398
5 407
6 402
7 410
8 400 403
NUMBER_OF_TECHNICIANS = 5
76 396
83 395
90 394
95 397
115 393 392 391

DAY = 27
NUMBER_OF_TRUCKS = 7
1 415 418 411 0 413
2 416 412
3 419 423 417
4 414
5 422
6 421
7 420
NUMBER_OF_TECHNICIANS = 8
58 400
60 406 403
69 410
76 405 409
83 404
87 399
105 408
115 401 398 402 407

DAY = 28
NUMBER_OF_TRUCKS = 7
1 428 0 437 426
2 436 431 0 429
3 432 430 435
4 427 433
5 425
6 434
7 424
NUMBER_OF_TECHNICIANS = 8
3 418
61 415 413
68 416 411
69 417 420
76 414
83 422
90 412 423 419
105 421

DAY = 29
NUMBER_OF_TRUCKS = 9
1 440 443
2 447
3 438 449 445
4 444 448
5 446
6 441
7 442
8 439
9 450
NUMBER_OF_TECHNICIANS = 6
24 424
61 428
67 434 426 431 425 437 430
69 429
76 433 427
95 436 435 432

DAY = 30
NUMBER_OF_TRUCKS = 6
1 451 457 0 456
2 455
3 453
4 454
5 452
6 458
NUMBER_OF_TECHNICIANS = 8
3 440
4 439
45 442
69 448
76 438
90 443 445 450
105 446 449 441
115 447 444

DAY = 31
NUMBER_OF_TRUCKS = 10
1 461 466 473
2 467 460
3 462 465
4 463 468
5 459
6 472
7 471
8 469
9 470
10 464
NUMBER_OF_TECHNICIANS = 4
4 454 452 458
53 456
87 451
115 453 455 457

DAY = 32
NUMBER_OF_TRUCKS = 6
1 475 474 482
2 476 0 477 480 481
3 483 485 486
4 479
5 484 487
6 478
NUMBER_OF_TECHNICIANS = 9
3 467
4 459 464
58 469
61 461 462
67 471 463 466 470
69 473
90 460 468
105 472
115 465

DAY = 33
NUMBER_OF_TRUCKS = 6
1 495 496 0 489
2 492 497 0 494 0 491
3 490 500
4 488 499
5 501 493
6 498
NUMBER_OF_TECHNICIANS = 9
3 474
53 485
58 478 480
60 481
61 475
76 484 486 487
83 482 483
85 477 476
115 479

DAY = 34
NUMBER_OF_TRUCKS = 10
1 521 520 513 0 515
2 510 511 0 506
3 519 503 0 509
4 508 514
5 507 516
6 502
7 505
8 517 512
9 504
10 518
NUMBER_OF_TECHNICIANS = 7
3 490 497
45 500
56 492
61 495 498
95 496
105 493 488
115 499 491 501 489 494

DAY = 35
NUMBER_OF_TRUCKS = 8
1 528 530 524
2 535 526
3 523 0 529 0 538
4 539 533
5 531 532
6 537 534
7 525 527
8 522 536
NUMBER_OF_TECHNICIANS = 10
4 505 502 518
24 507
53 509
56 521 513
58 504 515 511
67 516 517 514 508 519 506
69 512
83 503
87 520
95 510

DAY = 36
NUMBER_OF_TRUCKS = 8
1 541 540 544 545
2 550 552
3 553 543
4 546
5 547
6 548 551
7 549
8 542
NUMBER_OF_TECHNICIANS = 11
3 528
45 536
53 538
56 523
61 535
67 522
69 539
76 533 525 537 527
83 531 524 532 526 534
87 529
90 530

DAY = 37
NUMBER_OF_TRUCKS = 10
1 569 562 0 571 0 558 0 557
2 560 570
3 556 568
4 573 564
5 565
6 561 572
7 567 566
8 555
9 559 563
10 554
NUMBER_OF_TECHNICIANS = 8
3 541
45 548
53 543
67 551 547 552 553 542
76 545
83 540
87 550
115 546 544 549

DAY = 38
NUMBER_OF_TRUCKS = 4
1 577 575
2 582 574 580 578
3 576 581
4 579
NUMBER_OF_TECHNICIANS = 11
4 567 555 565
24 563
53 573
58 566
60 559
69 561
76 564
87 569 558 571
90 562
95 560
115 556 568 572 570 557

DAY = 39
NUMBER_OF_TRUCKS = 12
1 603 0 596
2 586 599 0 590 601
3 604 588 585
4 597 589 595
5 592
6 591 598
7 602 583
8 593
9 594
10 584
11 587
12 600
NUMBER_OF_TECHNICIANS = 6
4 554
58 579
60 578 577
67 575 581
76 576 574 582
115 580

DAY = 40
NUMBER_OF_TRUCKS = 7
1 610 607 614
2 608 605 617
3 616 0 606 612
4 615 611
5 618
6 609
7 613
NUMBER_OF_TECHNICIANS = 9
4 583 584 585 595 604 601
45 587
53 592 602
69 600
83 590 586 593
87 603
90 599 588 591 594
95 589 597
115 596 598

DAY = 41
NUMBER_OF_TRUCKS = 9
1 624 627 628
2 635 626 0 621
3 623 0 622
4 630 629
5 631
6 634 625
7 620
8 632 619
9 633
NUMBER_OF_TECHNICIANS = 8
24 609 618
56 610
60 612
61 607 614 606
76 617 615
90 613
95 611
115 605 616 608

DAY = 42
NUMBER_OF_TRUCKS = 9
1 640 652 0 638
2 646 637
3 644 649
4 643 642
5 636 641
6 650 0 645
7 647
8 639
9 651 648
NUMBER_OF_TECHNICIANS = 6
3 624 635 626
53 623 631
67 632 630 634
76 628 625 621
83 627 629 619
90 622 620 633

DAY = 43
NUMBER_OF_TRUCKS = 7
1 657 656
2 655 0 658
3 660 662
4 661 0 664
5 654 663
6 659 665
7 653
NUMBER_OF_TECHNICIANS = 10
4 647 649 650 643 636
45 651 648
53 645 638
60 646
67 637 640
69 639
76 641
83 642
90 652
95 644

DAY = 44
NUMBER_OF_TRUCKS = 6
1 666 674 676 0 677
2 675 669 0 667
3 672 678
4 671
5 673 668
6 670
NUMBER_OF_TECHNICIANS = 7
45 653
53 662
56 657
60 656 660
67 658
68 654 655 664
90 661 663 659 665

DAY = 45
NUMBER_OF_TRUCKS = 6
1 688 682 0 687
2 683 686
3 679 685
4 681 680
5 690 689
6 684
NUMBER_OF_TECHNICIANS = 8
3 676
45 678
53 669 673
56 677
61 674
69 671
76 668 670 672
95 675 667 666

DAY = 46
NUMBER_OF_TRUCKS = 8
1 697 696 694
2 701 0 698
3 705 691 700
4 704 699 703
5 692 702
6 695
7 707 706
8 693
NUMBER_OF_TECHNICIANS = 10
3 683
4 680 685
45 689 684
53 690
56 682
61 688
68 686
69 681
76 687
115 679

DAY = 47
NUMBER_OF_TRUCKS = 7
1 714 0 718 0 716
2 708 709 719 712
3 713 721 0 717
4 720 722
5 715
6 710
7 711
NUMBER_OF_TECHNICIANS = 8
4 698 692 705 701
45 703
58 695 693
67 702 699
87 704
90 697
95 691
115 694 696 700 707 706

DAY = 48
NUMBER_OF_TRUCKS = 5
1 729 728 724
2 726 725
3 727 723
4 732 731
5 730
NUMBER_OF_TECHNICIANS = 8
3 708
4 715
60 712 720 716 721 713
61 714 718
67 722 711
69 710
90 709
115 719 717

DAY = 49
NUMBER_OF_TRUCKS = 9
1 739 746 0 748
2 736 737 0 745
3 733 738
4 744 735
5 742 747 750
6 734
7 740 741
8 749
9 743
NUMBER_OF_TECHNICIANS = 7
53 727
56 729
60 726 724
68 730
69 731
83 728
90 725 732 723

DAY = 50
NUMBER_OF_TRUCKS = 0
NUMBER_OF_TECHNICIANS = 9
3 736
45 747
53 748 738 745
56 739
58 749 734
61 737
67 742 741 743
76 740 735 746
83 744 733 750

DAY = 51
NUMBER_OF_TRUCKS = 0
NUMBER_OF_TECHNICIANS = 0

DAY = 52
NUMBER_OF_TRUCKS = 0
NUMBER_OF_TECHNICIANS = 0

DAY = 53
NUMBER_OF_TRUCKS = 0
NUMBER_OF_TECHNICIANS = 0

DAY = 54
NUMBER_OF_TRUCKS = 0
NUMBER_OF_TECHNICIANS = 0

DAY = 55
NUMBER_OF_TRUCKS = 0
NUMBER_OF_TECHNICIANS = 0
