DATASET = ORTEC Early VeRoLog 2019
NAME = Instance 11

TRUCK_DISTANCE = 295727
NUMBER_OF_TRUCK_DAYS = 359
NUMBER_OF_TRUCKS_USED = 44
TECHNICIAN_DISTANCE = 63651
NUMBER_OF_TECHNICIAN_DAYS = 144
NUMBER_OF_TECHNICIANS_USED = 22
IDLE_MACHINE_COSTS = 257740
TOTAL_COST = 71316530

DAY = 1
NUMBER_OF_TRUCKS = 38
1 5 0 32 0 17 58 0 53 0 36
2 62 0 49 0 50 0 9
3 67 59 0 14 4
4 23 0 30 0 65
5 8 0 6 0 41
6 15 16 0 51
7 42 24
8 60 0 7
9 21 29 0 13
10 26 1 0 55 44
11 34 0 35
12 64 0 43
13 61 0 40
14 45 52
15 31 11 0 38
16 37 18
17 73 0 75
18 68 2
19 20
20 28 10
21 70
22 71
23 27
24 12 39
25 48
26 57 33
27 3
28 19
29 72
30 66 22
31 63
32 25
33 54
34 47
35 46
36 56
37 74
38 69
NUMBER_OF_TECHNICIANS = 0

DAY = 2
NUMBER_OF_TRUCKS = 37
1 134 0 149 0 106 138 0 153 89
2 160 0 109 0 105 154
3 100 0 90 0 141 82
4 120 81 136 0 98 0 96
5 161 0 131 0 147
6 101 111 0 84 104
7 143 0 117 164 0 115
8 150 0 122
9 127 0 139 157
10 77 0 148
11 99 97 0 110
12 76 146 0 128
13 118 159 0 158
14 79 93 0 112 91
15 119 0 142 95
16 86 162
17 114 0 156
18 140 0 130 135
19 129 0 145
20 80 116
21 152 133
22 108 0 124
23 92 163
24 102 0 137
25 155 0 126
26 107
27 78
28 103
29 83 85
30 88
31 94 144
32 123
33 87
34 121
35 113
36 151
37 132
NUMBER_OF_TECHNICIANS = 13
1 27 20 29 21 70 10
3 62 50 60
4 56 74 69 3
5 18 51
13 63 54 47 25 19 22 66
15 28 71 36 12 24 61 64 1
16 68 48 2
17 72 46 31 40 11 44 55 37
18 33 41
19 30 58 17 5 49 67
21 34 7 42 8 15 4 23 14 32 16
23 43 45
24 6 53 59 65 26 35

DAY = 3
NUMBER_OF_TRUCKS = 41
1 231 215 208 0 210 0 180 202
2 252 206 0 204 0 168 165 0 234
3 245 207 0 181 0 203
4 201 253 0 256 220
5 221 0 249 0 186
6 184 226
7 171 0 250 0 197
8 255 212
9 196 0 244 0 228
10 183 227
11 174 198 0 254
12 241 199
13 246 182 0 205 177
14 236 0 233
15 191 0 193
16 213 0 194
17 166 0 169
18 187 0 225
19 238 0 188
20 248 223
21 211 0 176
22 235 224
23 167 0 170
24 189
25 257
26 230
27 216
28 200
29 232 190
30 185
31 229
32 219
33 247
34 239 242
35 209
36 172
37 179 217
38 222 218
39 195 173
40 243
41 240
NUMBER_OF_TECHNICIANS = 14
1 116 126 147 146 77 135 38 52
3 114 140 92 128 154 150 141 122 139 118
4 113 85 151 132 83 57
10 107 108 86
12 131
13 123 162 144 121 87 39 88
15 124 152 129 91 159 115 163 103
16 157 82 98 101 136 81 111
17 73 158 142 95 119 143
18 145
19 102 110 97 99 153 138
21 93 112 79 96 127 9 161 120 160 106
23 134 149 109 105 117 164
24 89 90 100 84 104 148

DAY = 4
NUMBER_OF_TRUCKS = 44
1 289 0 300 259 0 277 314 0 275 0 302
2 286 311 0 280
3 262 0 299 0 267 316
4 296 297 0 325 0 312
5 265 0 333
6 273 0 342
7 336 0 330
8 292 263 271
9 298 0 321
10 261 335
11 276 0 334 270
12 317 0 320
13 304 0 293
14 315 0 337
15 340 329 0 288
16 328 308
17 305 319 0 285 258
18 264 0 266
19 306 291
20 284 307
21 287 327
22 338 0 282
23 331
24 318 268
25 313
26 260 309
27 269
28 322
29 323
30 310
31 281 294
32 324
33 278
34 274
35 178
36 339 279
37 283
38 301
39 175
40 237
41 341 303
42 290
43 295 272
44 214
NUMBER_OF_TECHNICIANS = 16
1 230 257 186 78 253 190 247
3 94 233 182 246 205 177 169 188 216 200
4 218 176
5 173
8 191
10 254 228 248 234 229 219 226
12 231 215 245 250 255 208 252
13 240 243 227 172 179 199 239
15 189 224 220 256 194 235 187 225
16 241 184 183
17 195
18 217 223 222 209 242
19 166 238 174 244 198 236
21 193 211 170 212 167 213 197 181 171 201
23 206 180 76 202 207 221
24 196 249 165 168 210 204

DAY = 5
NUMBER_OF_TRUCKS = 39
1 378 0 379 367 0 404 0 389 0 414 357
2 406 362 0 410 400 0 390
3 381 365 0 368 346 0 376 392
4 348 382 0 393
5 415 395 386
6 416 377 0 418 358
7 384 401 0 344
8 371 399
9 353 0 363
10 396 391
11 413 360
12 402 0 370
13 383 373 0 403
14 361 409
15 349 394
16 412 372
17 354 0 407
18 385 0 417
19 345 0 374
20 398
21 369
22 350 366
23 408 411
24 375
25 355
26 387 359
27 352
28 397
29 364
30 388
31 351
32 405
33 380
34 347
35 251
36 343
37 192
38 356 125
39 332 326
NUMBER_OF_TECHNICIANS = 16
1 335 338 305 319 288 261 331 269
3 337 264 328 340 329 304 321 298 316 336
4 295 214 272 322 287 285 258
5 303 341 301
8 267 275
10 263 333 315 311 268 324
12 277 289 314 300 259 299
13 279 178 278 283 339 294 327
15 312 313 260 318 308 291 323 306
16 292 271 280 309
17 175 237 274
18 290 310
19 317 320 284 307 266 281
21 286 270
23 265 273
24 325 297 262 296 330 302

DAY = 6
NUMBER_OF_TRUCKS = 36
1 478 0 457 0 442 0 455
2 481 0 423 0 435
3 476 459 0 425
4 447 0 479 0 429
5 470 446 0 453
6 448 458 0 451
7 422 469 0 466
8 449 433 0 471
9 432 452
10 450 475 0 419
11 443 441
12 477 460 0 430
13 456 0 424
14 480 428 0 440
15 420
16 465
17 434
18 482 445
19 421 439
20 473
21 468
22 461
23 437
24 462
25 427 474
26 483
27 436
28 454
29 431
30 426
31 464
32 463
33 472
34 467
35 438
36 444
NUMBER_OF_TECHNICIANS = 15
1 361 386 293 399 133 415
3 360 350 185 155 282 232 369 13 80 203
4 343 251 359 347 326 356 332
5 410
7 395
12 378 404 389 357 348 416 400
13 397 388 351 405 394 355 375
15 345 403 376 344 363 383 373 412
16 365
17 391 382 353 377 354 372
18 380 387 352 364 408
19 370 385 417 390 418 358
21 393 401 402 349 392 407 374 409 384 396
23 406 362 371 334 276
24 368 346 414 381 367 379

DAY = 7
NUMBER_OF_TRUCKS = 34
1 508 0 510 0 486 0 519 556 0 550
2 500 0 529 0 503 504 0 548 537
3 545 543 0 502 528
4 496 0 531 0 501
5 487 0 485 0 494 521
6 522 551 0 535 539
7 517 530 0 559
8 553 514 0 489
9 490 506
10 526 0 542
11 544 558 0 557 499
12 546 0 533
13 497 0 547
14 493 518
15 513 555
16 534 520
17 541 538
18 516 532
19 498
20 525 512
21 524
22 540 484
23 505 552
24 527 511
25 549
26 492
27 560
28 554
29 491 495
30 536
31 488 507
32 523
33 509
34 515
NUMBER_OF_TECHNICIANS = 9
5 463 482 451 428 480 433
6 431 464 454 426 441 473 439
7 481 476
8 478 448 470 447 446
10 475 450 456 429 442 432
11 459
12 457 423 422 453 469
22 419 440 455
25 479

DAY = 8
NUMBER_OF_TRUCKS = 39
1 567 570 0 612 0 644 0 615 0 623
2 647 629 0 617 604
3 634 0 573 0 640 586
4 589 0 584 0 628
5 581 641 0 633
6 632 0 611 0 622 631
7 616 0 575
8 571 0 565
9 592 0 572
10 583 0 642 645
11 585 0 590
12 566 643 0 621 638
13 624 0 610
14 619 0 580
15 639 0 646
16 563 562
17 626 578
18 609 630 0 568
19 620 0 606 595
20 602 0 613
21 593 0 561
22 605 0 637
23 574 594
24 564 576
25 601 599
26 635
27 579
28 614 636
29 603
30 627 597
31 582
32 596
33 618
34 607
35 600 625
36 608 591
37 577
38 569
39 598 587
NUMBER_OF_TECHNICIANS = 9
2 538
5 526 506 497 557
6 549 462 555 499 535 553 514
7 503 500 487
8 486 510 556 496 502
10 513 534 539 489
11 529 504
22 546 542 544 494 521 558 525 512
25 508 519

DAY = 9
NUMBER_OF_TRUCKS = 42
1 716 0 685 724 0 679 666 0 740
2 687 747 0 695 671
3 730 726 0 710 0 669 712
4 702 0 739 0 693
5 723 674 0 701 0 704
6 735 0 690 0 714 745
7 648 743 0 711
8 668 675 0 732
9 750 697 0 660
10 703 0 650
11 657 686
12 694 744 0 748 715
13 661 651
14 659 0 662
15 664 688
16 678 0 681 733
17 665 0 741
18 708 749
19 663 0 652
20 722 0 698
21 672 746
22 706 0 699
23 653 588
24 719 676
25 734 692
26 700 677
27 683
28 720
29 713 709
30 656 680
31 736 728
32 717
33 655 737
34 654
35 670
36 727 738
37 721 658
38 731
39 696
40 742
41 649
42 707
NUMBER_OF_TECHNICIANS = 18
1 498 518 547 430 520 541 516 465
3 559 421 524 627 492 483 413 477 530 156
4 472 467 587 515 495 445 594
7 573
8 567 570 612 584 575
10 622 607
11 647
13 608 484 488 577 474 536 554
15 576 599 613 631 646 601 532 420
16 642 645 615 640 586 616 632
17 569 523 452 609 602 628 639 590
18 507 509 625 552 366 603 398 579
19 568 528 623 624 583 522
21 641 633 638 580 593 562 574 629 630 572
22 595 606 564 540
23 644 545 592 425 543 471
24 611 449 581 458 589 550
25 531

DAY = 10
NUMBER_OF_TRUCKS = 9
1 682
2 705
3 691
4 667
5 684 689
6 718
7 725
8 673
9 729
NUMBER_OF_TECHNICIANS = 18
1 727 680 656 700 677 720 713 709
3 678 665 662 698 719 676 655 683 736 596
4 436 598 600 468 670 614 505
7 714 690
8 701 443 619
10 708 749
11 735 739
12 716 687 730 702 634 726 548
13 560 696 591 737 707 742 649
15 734 692 728 597 618 427 411 658
16 703 643 566 517 745 747
17 588 699 635 527 582 636 437 605
18 491 461 721 511
19 653 650 485 565 571 585
21 686 654 688 657 660 664 490 706 671
22 746 722 715 663 741 652 748
23 685 679 668 740 435 466
24 695 710 674 666 723 724

DAY = 11
NUMBER_OF_TRUCKS = 0
NUMBER_OF_TECHNICIANS = 13
1 704 533 712 493 661 610 617 537
3 731 460 561 434 738 711
4 725 192 729 125 438 444
5 718
8 697
12 648 750
13 691 684 689 672 659 563 501
15 732 675 551 694 744 620
16 682 705 667 673
21 743
22 621
23 342 669 626
24 424 693

DAY = 12
NUMBER_OF_TRUCKS = 0
NUMBER_OF_TECHNICIANS = 3
1 604 681 651 717 578
3 137 75 637
23 733 130

DAY = 13
NUMBER_OF_TRUCKS = 0
NUMBER_OF_TECHNICIANS = 0

DAY = 14
NUMBER_OF_TRUCKS = 0
NUMBER_OF_TECHNICIANS = 0

DAY = 15
NUMBER_OF_TRUCKS = 0
NUMBER_OF_TECHNICIANS = 0
