DATASET = ORTEC Early VeRoLog 2019
NAME = Instance 9

TRUCK_DISTANCE = 162618
NUMBER_OF_TRUCK_DAYS = 214
NUMBER_OF_TRUCKS_USED = 9
TECHNICIAN_DISTANCE = 97143
NUMBER_OF_TECHNICIAN_DAYS = 223
NUMBER_OF_TECHNICIANS_USED = 14
IDLE_MACHINE_COSTS = 0
TOTAL_COST = 99852880

DAY = 1
NUMBER_OF_TRUCKS = 4
1 2 0 6 3 0 4
2 1 7
3 8
4 5
NUMBER_OF_TECHNICIANS = 0

DAY = 2
NUMBER_OF_TRUCKS = 4
1 21 20 0 10 19 0 16 13
2 22 17 14 0 18
3 9 15
4 11 12
NUMBER_OF_TECHNICIANS = 3
55 8 5
57 3 4 2
58 6 7 1

DAY = 3
NUMBER_OF_TRUCKS = 5
1 23 0 33 0 29 26
2 30 25 28
3 27 32
4 31 24
5 34
NUMBER_OF_TECHNICIANS = 5
54 14
55 18
57 13 21 20
58 22 17 19 16 9 15 10
100 12 11

DAY = 4
NUMBER_OF_TRUCKS = 4
1 35 0 36 37
2 40 38
3 39
4 41
NUMBER_OF_TECHNICIANS = 6
54 25
55 32
57 26 33
58 30 29 28 27
81 34 24
100 31 23

DAY = 5
NUMBER_OF_TRUCKS = 4
1 43 50 48
2 49 46 0 44
3 45 0 47
4 42
NUMBER_OF_TECHNICIANS = 5
54 40
55 37
57 35 36
58 38
100 39 41

DAY = 6
NUMBER_OF_TRUCKS = 4
1 56 54 58 0 55 0 52
2 53 59 0 51
3 57
4 60
NUMBER_OF_TECHNICIANS = 5
54 49 47
55 44
58 43 50 48
81 42
100 45 46

DAY = 7
NUMBER_OF_TRUCKS = 7
1 66 0 61 0 71 72
2 73 69
3 64 63 0 62
4 65 74
5 70
6 68
7 67
NUMBER_OF_TECHNICIANS = 5
25 52 60
57 55 59 57 51
64 58
81 53 56
100 54

DAY = 8
NUMBER_OF_TRUCKS = 3
1 77 75 0 79 81
2 84 78 83 80
3 76 82
NUMBER_OF_TECHNICIANS = 5
25 66 62 74 70 69 68
50 67
54 73 64
57 71 72 61 65
64 63

DAY = 9
NUMBER_OF_TRUCKS = 6
1 90 0 88
2 87 91
3 89
4 92
5 85
6 86
NUMBER_OF_TECHNICIANS = 5
21 83
25 84 76 75 80 81
50 78 82
54 77
64 79

DAY = 10
NUMBER_OF_TRUCKS = 4
1 95 0 100 0 93
2 96 98 94
3 97
4 99
NUMBER_OF_TECHNICIANS = 4
21 90
50 87 85 88
80 91
100 89 92 86

DAY = 11
NUMBER_OF_TRUCKS = 6
1 105 111 110 0 108 109
2 101 114
3 112 0 107
4 102 106
5 104
6 113 103
NUMBER_OF_TECHNICIANS = 5
25 96
55 93 97 94
57 95 100
58 98
81 99

DAY = 12
NUMBER_OF_TRUCKS = 5
1 123 126 118 0 116
2 115 120 125 0 122 0 117
3 119 128 124
4 127
5 121
NUMBER_OF_TECHNICIANS = 7
21 110
25 105
54 114 103
55 107 112 104
57 108 101
64 109 113 111
100 106 102

DAY = 13
NUMBER_OF_TRUCKS = 7
1 140 136 0 139
2 129 137
3 135 133
4 132 130
5 138
6 131
7 134
NUMBER_OF_TECHNICIANS = 7
21 127
25 123
54 116 125
57 115 122
64 120 117 126 128 118
77 121
100 119 124

DAY = 14
NUMBER_OF_TRUCKS = 4
1 150 151 145
2 149 0 146 147
3 144 143 0 142
4 141 148
NUMBER_OF_TECHNICIANS = 6
21 135 133 129
25 131
55 137
57 132
58 136 130
77 140 139 138 134

DAY = 15
NUMBER_OF_TRUCKS = 5
1 160 0 164 158
2 157 159 154 152
3 163 156
4 161 155
5 162 153
NUMBER_OF_TECHNICIANS = 6
21 146 141 151 145
25 149 144
50 148
55 147
77 150
80 143 142

DAY = 16
NUMBER_OF_TRUCKS = 5
1 171 174 0 167 0 170
2 168 169
3 172 165
4 166
5 173
NUMBER_OF_TECHNICIANS = 6
21 164 163 154 158
50 157
54 155
64 156 152 162 153
80 159 160
81 161

DAY = 17
NUMBER_OF_TRUCKS = 4
1 175 182 179
2 176 0 180 0 183
3 178 177
4 184 181
NUMBER_OF_TECHNICIANS = 6
54 169
55 166
58 171 174
77 170 168
80 165
100 172 173 167

DAY = 18
NUMBER_OF_TRUCKS = 7
1 198 0 188 0 185
2 186 189 0 200 199
3 187 196 195
4 191 197
5 194 0 190
6 192
7 193
NUMBER_OF_TECHNICIANS = 5
25 178 180
54 183 177 175
57 182
77 176 184 181
81 179

DAY = 19
NUMBER_OF_TRUCKS = 7
1 214 212
2 203 202
3 215 205 0 209
4 204 208 0 207
5 201 210
6 213 0 211
7 206
NUMBER_OF_TECHNICIANS = 7
21 199 197 192 187 186
50 198 200 190
55 194
64 191 196
73 193
77 188 195 185
100 189

DAY = 20
NUMBER_OF_TRUCKS = 8
1 230 229 0 225
2 228 232 218
3 216 227 0 219
4 224 0 217
5 223 226
6 233 220
7 221
8 231
NUMBER_OF_TECHNICIANS = 5
21 210
25 215 205 212 213 202
54 209
64 204 201 208 211
100 207 206 203 214

DAY = 21
NUMBER_OF_TRUCKS = 6
1 241 0 240
2 235 242 239
3 236 237
4 243 238
5 234
6 222
NUMBER_OF_TECHNICIANS = 8
21 218 216 229 230 232
54 228
55 224
57 225
64 233 220 221 231
80 219 227 223
81 226
100 217

DAY = 22
NUMBER_OF_TRUCKS = 3
1 246 245 244
2 249 0 248
3 247
NUMBER_OF_TECHNICIANS = 7
20 222
21 235 239
54 238 236
55 240 241
57 243
73 242 234
81 237

DAY = 23
NUMBER_OF_TRUCKS = 5
1 257 0 254
2 259 253 256 252
3 251 250
4 258
5 255
NUMBER_OF_TECHNICIANS = 4
25 246
55 249 248
73 244 245
80 247

DAY = 24
NUMBER_OF_TRUCKS = 7
1 262 0 265 0 261
2 267 269
3 271
4 268 263
5 260
6 264
7 266 270
NUMBER_OF_TECHNICIANS = 6
20 254
64 251
73 259 256 252
77 257 253 250
81 258
100 255

DAY = 25
NUMBER_OF_TRUCKS = 7
1 274 0 281 276
2 272 283 284
3 282 277 278
4 273
5 275
6 280
7 279
NUMBER_OF_TECHNICIANS = 5
20 263
55 261 271
57 265
64 268 264 270 266
100 269 260 262 267

DAY = 26
NUMBER_OF_TRUCKS = 6
1 285 288 293 290
2 291 292 296
3 297 0 294
4 287 295 286
5 298
6 289
NUMBER_OF_TECHNICIANS = 5
20 279
21 281 276 278 282 277
54 272 283 284
57 280
80 274 273 275

DAY = 27
NUMBER_OF_TRUCKS = 7
1 306 0 313 304 0 308
2 309 300 303
3 302 0 299
4 312 0 311
5 310 307
6 305
7 301
NUMBER_OF_TECHNICIANS = 7
21 293 288 286
50 292
73 290 295 298
77 285
80 287 297
81 289
100 291 294 296

DAY = 28
NUMBER_OF_TRUCKS = 5
1 324 321 318 0 316 319
2 320 0 322
3 314 315
4 317
5 323
NUMBER_OF_TECHNICIANS = 8
20 311 307
21 303
25 306 313 312
64 301
73 300
77 304
80 308 302 310
100 299 305 309

DAY = 29
NUMBER_OF_TRUCKS = 6
1 326 328 0 329 336 0 337
2 334 331 333
3 327 0 338
4 325
5 335 330
6 332
NUMBER_OF_TECHNICIANS = 6
20 322
21 321 316 319
25 324 314
55 323
73 318 315
80 317 320

DAY = 30
NUMBER_OF_TRUCKS = 9
1 356 0 348 0 345
2 349 341
3 339 347
4 355 354
5 352
6 351 353
7 344
8 346
9 342
NUMBER_OF_TECHNICIANS = 6
21 330
25 333 325 335
54 331 334 326 329
55 327 332
77 338 328 336
100 337

DAY = 31
NUMBER_OF_TRUCKS = 9
1 368 361 363
2 369 360 0 362 0 364 359
3 367 358
4 365 357
5 343
6 370
7 340
8 366
9 350
NUMBER_OF_TECHNICIANS = 7
20 341
25 348 339
55 347 354
57 356 342
58 351 353
73 349 345
80 352 355 344 346

DAY = 32
NUMBER_OF_TRUCKS = 6
1 380 374 0 379
2 377 378
3 375 376
4 373
5 371
6 372
NUMBER_OF_TECHNICIANS = 8
25 368
54 369 350
55 357 370
64 359
73 367 358 363 361
77 360 364 362
80 365 366 340
81 343

DAY = 33
NUMBER_OF_TRUCKS = 3
1 382 383
2 384 381
3 386 0 385
NUMBER_OF_TECHNICIANS = 5
21 377 378 375 376
55 371
73 380
81 373 372
100 379 374

DAY = 34
NUMBER_OF_TRUCKS = 6
1 392 400 388
2 390 395 0 394
3 389 397 399
4 398 0 391
5 387 396
6 393
NUMBER_OF_TECHNICIANS = 5
21 386
50 385
64 382 383
80 381
100 384

DAY = 35
NUMBER_OF_TRUCKS = 6
1 401 412 0 405
2 411 409
3 407 403 0 408
4 410 406
5 402
6 404
NUMBER_OF_TECHNICIANS = 7
21 397 399 396
25 389
50 387
58 392 400 388 394
80 398
81 393
100 390 395 391

DAY = 36
NUMBER_OF_TRUCKS = 5
1 413 417 423
2 418 0 414 0 420
3 419 421
4 422 416
5 415
NUMBER_OF_TECHNICIANS = 6
20 404
21 410 407
55 402 406 408 412
64 405 411 409
73 403
80 401

DAY = 37
NUMBER_OF_TRUCKS = 4
1 429 425 0 430 424
2 426 431
3 427
4 428
NUMBER_OF_TECHNICIANS = 5
21 419 423 417
58 413
64 414 422
77 418 416
80 415 421 420

DAY = 38
NUMBER_OF_TRUCKS = 5
1 437 433
2 438 432
3 435 0 440
4 434 436
5 439
NUMBER_OF_TECHNICIANS = 5
54 426
55 430 424 427
64 429 428
73 425
81 431

DAY = 39
NUMBER_OF_TRUCKS = 6
1 447 448 0 449
2 441 445
3 443
4 442 446
5 450
6 444
NUMBER_OF_TECHNICIANS = 4
54 437 432
55 440 439 435 438
73 433 436
80 434

DAY = 40
NUMBER_OF_TRUCKS = 0
NUMBER_OF_TECHNICIANS = 6
20 445 446
21 448
55 443 447
73 444
80 449 441
81 442 450

DAY = 41
NUMBER_OF_TRUCKS = 0
NUMBER_OF_TECHNICIANS = 0

DAY = 42
NUMBER_OF_TRUCKS = 0
NUMBER_OF_TECHNICIANS = 0

DAY = 43
NUMBER_OF_TRUCKS = 0
NUMBER_OF_TECHNICIANS = 0

DAY = 44
NUMBER_OF_TRUCKS = 0
NUMBER_OF_TECHNICIANS = 0

DAY = 45
NUMBER_OF_TRUCKS = 0
NUMBER_OF_TECHNICIANS = 0
