DATASET = ORTEC Early VeRoLog 2019
NAME = Instance 18

TRUCK_DISTANCE = 343735
NUMBER_OF_TRUCK_DAYS = 417
NUMBER_OF_TRUCKS_USED = 18
TECHNICIAN_DISTANCE = 145539
NUMBER_OF_TECHNICIAN_DAYS = 341
NUMBER_OF_TECHNICIANS_USED = 22
IDLE_MACHINE_COSTS = 3675
TOTAL_COST = 18067255675

DAY = 1
NUMBER_OF_TRUCKS = 11
1 22 14 0 4 0 7 0 18 0 23
2 5 2 20 0 15
3 26 12 0 10
4 11 24 19
5 3 25
6 17 9
7 6 1
8 21
9 13
10 8
11 16
NUMBER_OF_TECHNICIANS = 0

DAY = 2
NUMBER_OF_TRUCKS = 15
1 46 37 0 51 0 28
2 45 31 0 36
3 42 30 0 39 0 43
4 34 49
5 48 27
6 41
7 32
8 50
9 33
10 44
11 35
12 38
13 47
14 40
15 29
NUMBER_OF_TECHNICIANS = 9
1 5 15 17 8
3 19 25 11 22
6 18
8 4 2 26 10 12
18 24 21 3
19 6 1 13
22 14 20 23 7
40 9
63 16

DAY = 3
NUMBER_OF_TRUCKS = 14
1 77 76 0 60 61 0 52 57
2 63 58 68 0 67
3 71 56 0 59 0 53 64
4 72 0 79
5 74 81
6 66 78
7 54
8 65
9 75
10 69 70
11 80
12 73
13 62
14 55
NUMBER_OF_TECHNICIANS = 9
1 38 47
3 30
8 46 42 35
18 43 48 36 51 31 39
19 45 34 28 32 41
22 49
37 29
40 44 40
63 27 50 33 37

DAY = 4
NUMBER_OF_TRUCKS = 10
1 86 98 0 93 0 95 89
2 90 99 0 82
3 83 84
4 92 0 94
5 97 0 87
6 85
7 101
8 96
9 100 91
10 88
NUMBER_OF_TECHNICIANS = 10
1 76 60 61 58 59 57
3 81
6 78
8 67 64
18 56 68 71 72 53 79 66
19 77 63 52 74 54
22 62
37 80 73 69
40 75
63 65 55 70

DAY = 5
NUMBER_OF_TRUCKS = 15
1 107 127 112 0 131 106 0 113 104
2 128 129 0 114
3 121 123 0 109
4 122 108 0 105
5 125 0 102
6 126 0 118
7 124 115
8 119
9 130
10 117
11 103
12 110
13 116
14 120
15 111
NUMBER_OF_TECHNICIANS = 8
3 101
6 98 92
8 95 82 84
18 83 99 87 85
19 86 93 90 94 89
22 97
62 88
63 100 91 96

DAY = 6
NUMBER_OF_TRUCKS = 14
1 146 0 139 0 162 0 132 164 160 0 152 0 141
2 163 135 0 156 147
3 154 138 143
4 145 151 0 137 148
5 150 0 161
6 159 0 134
7 157 155
8 136
9 142 144
10 140
11 153
12 165
13 133 149
14 158
NUMBER_OF_TECHNICIANS = 10
3 107 113 123
6 118 105 108 124 115
8 127 103
18 121 122 104 102 125 114 130
19 131 112 128 106 129
22 117 116
37 110
40 120 111
62 119 126
63 109

DAY = 7
NUMBER_OF_TRUCKS = 17
1 188 168 0 193 0 187 166
2 170 183 0 175 0 172
3 184 0 171 196
4 189 0 182
5 195 169 177
6 176
7 179 190
8 167
9 191
10 192
11 181
12 186 174
13 173
14 194
15 180
16 178
17 185
NUMBER_OF_TECHNICIANS = 13
1 162 132 135 156 157 143
6 138
13 149 133
35 145 151
37 153 144 140
38 136
39 159
40 165
51 150
56 139 160 163 148 161 152
58 142
62 134
68 154 146 164 137 147 141 155

DAY = 8
NUMBER_OF_TRUCKS = 12
1 216 206 224 0 208 0 198 218
2 207 212 0 217 214
3 205 199 225 0 203 223
4 209 222
5 213 0 220
6 210 204
7 221
8 215 201
9 202
10 197
11 219
12 211 200
NUMBER_OF_TECHNICIANS = 11
1 168 182 189 177 176
24 174
35 196 171 183 195 169 191 166
37 179
39 184 187 170
40 178 190 180
51 193 172 186
55 194
56 188 173
62 192 181
68 175 167

DAY = 9
NUMBER_OF_TRUCKS = 13
1 237 234 0 251 0 233 0 231
2 235 240 0 241 246
3 242 250 0 226 253
4 249 245
5 232 0 236
6 229 230
7 238 243
8 239 254
9 248 228
10 252
11 227
12 244
13 247
NUMBER_OF_TECHNICIANS = 12
3 205
8 216 206 217 208 214
19 224 198 203 218 222
35 225 199 212 213 209 220
37 204
38 202
40 201 210
51 197
55 219 200
58 215 221
63 185 158 211
68 207 223

DAY = 10
NUMBER_OF_TRUCKS = 11
1 268 269 256 275 0 270 0 274
2 277 255 0 273 0 271 262
3 279 260
4 280 0 267 0 257 0 258
5 266 0 278
6 264 0 272
7 263
8 259
9 276
10 261
11 265
NUMBER_OF_TECHNICIANS = 14
1 234 231
3 229
6 227
8 237
13 254
18 238
24 244 252 230 248
37 247
39 226 240 249 251 235 233
40 228
51 241
58 243
62 239
68 242 250 253 232 246 236 245

DAY = 11
NUMBER_OF_TRUCKS = 14
1 309 293 286 0 294 301
2 303 0 306 0 287
3 281 285
4 305 283 0 302
5 296 282 0 292
6 310 284 0 298 288
7 304 291
8 290
9 308 300
10 297
11 289
12 299
13 295
14 307
NUMBER_OF_TECHNICIANS = 8
3 258
8 268 256 279 260
18 267
22 269 277 273 274 255 257 271 263
24 265 259 261 276
38 275
51 280 266 270 272 262 264
68 278

DAY = 12
NUMBER_OF_TRUCKS = 16
1 346 0 319 0 323 0 312
2 329 321 0 328 0 343
3 342 0 344 0 325
4 335 322 0 315 314
5 331 320 338
6 333 313
7 345 318
8 340
9 337 339
10 341
11 326
12 347
13 316 336
14 332
15 334
16 330
NUMBER_OF_TECHNICIANS = 13
3 293 309 281 283 284
6 301
8 290
18 294 306 287 286
19 305 302 308 310
24 289
35 298 304 292 288 300 297
39 282 296
55 307
56 303
58 295
62 291 299
63 285

DAY = 13
NUMBER_OF_TRUCKS = 17
1 376 363 364 0 380
2 379 372 0 357 0 352
3 377 362 0 356
4 359 348 360 0 365
5 378 368 0 358
6 354 0 369
7 361 375
8 350 374
9 351
10 355
11 371
12 373
13 366
14 353
15 367
16 311
17 324
NUMBER_OF_TECHNICIANS = 9
8 343 331 320 314 312
19 328 335
35 333 322 345 338 337 340 344
37 330
38 315 325 341 342
55 334
56 319 346 329 323 321 339 347 336
58 332
62 318 313 326 316

DAY = 14
NUMBER_OF_TRUCKS = 17
1 405 0 409 382 0 384 0 392 399
2 402 381 0 388
3 411 0 407 0 396 401 408
4 389 383 391
5 413 0 387
6 393 398 412
7 390
8 395 400
9 403
10 410 385
11 394
12 404
13 386
14 327
15 397
16 370
17 349
NUMBER_OF_TECHNICIANS = 12
3 364
6 380 348 358 352
18 359 372 379
19 376
24 374 324
35 362 351 367
37 373 311
38 368 356 350 377 369 365 371
39 378 360 353
51 357 361 354 363
62 355 375
63 366

DAY = 15
NUMBER_OF_TRUCKS = 17
1 443 425 0 429 0 421
2 441 0 427 417 0 430 428
3 419 426 0 423
4 435 414
5 420 0 415
6 431 422
7 433
8 416 424
9 436 432
10 434
11 418
12 439 438
13 440
14 437
15 442
16 317
17 406
NUMBER_OF_TECHNICIANS = 12
1 393
3 383
6 396 384 387 403 410 397
19 405
24 385 400 370
37 404 386
39 411 392 401 399 413 382 409
51 402 407 389 381 388 395
55 391
62 394 390 327 412
63 349 398
68 408

DAY = 16
NUMBER_OF_TRUCKS = 16
1 444 475 455 0 481 467 458
2 469 465 0 462 0 464 477
3 459 470 0 451
4 453 456 0 454 474
5 449 0 473 0 468
6 448 482
7 466 476 445
8 471 0 450
9 460 478
10 452
11 447 480
12 463 446
13 472
14 479
15 457
16 461
NUMBER_OF_TECHNICIANS = 14
1 441 427
3 428
13 442 424 422
18 435 423 414 426
22 443 430 425 420 431
24 436 433 317
37 418 437
38 415 421 432
39 419
40 434 416
46 440
51 417 429
55 439 438
62 406

DAY = 17
NUMBER_OF_TRUCKS = 14
1 511 490 0 505 500 0 513 0 507 489
2 486 510 0 488 0 483 492
3 508 485 495
4 512 0 494
5 501 498
6 496 484
7 497 504
8 487 506
9 491
10 509
11 502
12 493
13 499
14 503
NUMBER_OF_TECHNICIANS = 15
1 444 462 448 455 468 482
3 458
8 459 477 447
13 479
18 460
19 475 469 467 470 451
35 480
37 457
38 478
39 454 456 474 466 471 450 476 445
40 463 452
51 481 464 465 473 449 453
55 446
56 472
63 461

DAY = 18
NUMBER_OF_TRUCKS = 9
1 527 521 538 0 535 0 530 540 523
2 541 528 0 532 0 519
3 534 536 539
4 516 524 533
5 525 518 0 522
6 515 514
7 529 520
8 526 537
9 517 531
NUMBER_OF_TECHNICIANS = 14
3 485
6 488
8 490 500 510 489 512
13 504
18 508 495
19 486 505 507 513 487
24 484 509 493 492
35 497 502
40 491
51 483 494 496 501
55 506 498
56 511
58 499
63 503

DAY = 19
NUMBER_OF_TRUCKS = 14
1 566 0 558 0 554 0 564 0 571
2 570 562 0 545 0 549
3 547 546 561 0 569 563 567
4 573 577 0 555
5 565 552 0 543
6 556 551
7 574 553
8 572 0 560
9 548 575
10 568
11 559 576
12 544
13 557
14 542
NUMBER_OF_TECHNICIANS = 13
1 535
8 527
13 517
18 516 532 523 538 534 515
22 541 514 526
35 536 529 539 528
38 533
39 540 530 525 522 524
40 531
56 521
58 518
62 537 520
63 519

DAY = 20
NUMBER_OF_TRUCKS = 13
1 593 610 0 583 0 609 0 604 0 579 588 584
2 599 612 0 608 0 598 587 0 607 601
3 596 0 611 0 590
4 594 0 591
5 606 578 0 605
6 589 603
7 585
8 600 595 602
9 597 592
10 550
11 586
12 582 580
13 581
NUMBER_OF_TECHNICIANS = 9
1 570 554 549 553 557
8 566 558 547 546 548
19 575
35 574 571 567 551 568 542 544
37 559
38 572 577 556 563 565 552 545 543 564
39 560 555 561
62 576
68 573 569 562

DAY = 21
NUMBER_OF_TRUCKS = 12
1 626 0 617 0 632
2 628 621 629 0 640 0 613
3 618 630 0 642 619 0 631 634 615
4 616 638
5 623 0 637
6 633 635
7 627 636
8 622 641
9 624
10 614
11 639 620
12 625
NUMBER_OF_TECHNICIANS = 15
1 583 604 610 579 588 596
3 578
6 594
8 593 608
24 550 603 589
35 607 599 612 609 601 606
37 592 595
39 587
40 582
51 611 584 591 605 590 585
55 602 580
58 586 581
62 597
63 600
68 598

DAY = 22
NUMBER_OF_TRUCKS = 14
1 661 0 657 0 667 0 664 643
2 666 658 671 0 669
3 650 663 0 659
4 647 654
5 644 668
6 652 670
7 645 0 665
8 672 660
9 648 656
10 649 651
11 646
12 662
13 655
14 653
NUMBER_OF_TECHNICIANS = 11
1 621 617 633 615 622 641
3 629
18 637 634
22 636 620
37 625
38 623 632
39 616 631 642 626 618 628 630 619
56 624
62 614 638 635
63 627 613 639
68 640

DAY = 23
NUMBER_OF_TRUCKS = 18
1 698 708 0 681 0 690 0 682 684
2 709 0 674 685 0 678
3 679 705
4 692 689
5 701 688
6 676 697
7 680 0 699
8 703
9 675 695 687
10 673
11 706
12 694
13 686
14 677
15 707
16 683 696
17 704
18 702
NUMBER_OF_TECHNICIANS = 12
1 661
3 647 671 672 644 658
19 666 652
24 662
39 664 645 659
40 653
46 655 654
51 669 663 667 665 643 646
55 651 656 670 668
58 660
62 649 648
68 657 650

DAY = 24
NUMBER_OF_TRUCKS = 17
1 715 712 0 729 0 723 725 0 737 0 713
2 722 714 717 0 726
3 739 0 727
4 732 719 0 736 730
5 710 728 721
6 716 740 731
7 734 693
8 733
9 743
10 711
11 742
12 718
13 738
14 741
15 735
16 700
17 691
NUMBER_OF_TECHNICIANS = 13
6 709
13 696 707
18 674 690 684 681 686
19 698 708 682 679 678
24 676
35 692 701 680 697
37 677 703 675 695
46 694
55 683 687 689
56 673
58 688 704
63 702 705 699
68 685 706

DAY = 25
NUMBER_OF_TRUCKS = 14
1 756 774 0 757 766 0 754 744 0 776
2 750 0 763 0 748 0 749 0 759 778
3 760 769 0 746
4 762 781 0 765
5 777 779 0 783
6 761 771
7 747 758
8 775 752
9 767
10 753 770
11 772
12 782
13 773
14 745
NUMBER_OF_TECHNICIANS = 13
3 712 716
6 739
18 728
19 715 723 729 725 722
22 726 740 733
24 735 741 738 711
35 727 719 721 734 732 717 710
37 718 731
38 743 742
40 691 700
51 737 736 730
56 714
58 713 693

DAY = 26
NUMBER_OF_TRUCKS = 18
1 787 0 796 0 784 0 794
2 790 785
3 793 800 799
4 791 801
5 786 802
6 804
7 768 795
8 792
9 789 720
10 803
11 797
12 751
13 780
14 755
15 764
16 798
17 788
18 724
NUMBER_OF_TECHNICIANS = 10
3 781
8 756 774 763 750 762
18 777 765 752
24 758
35 759 747 772 745
38 776 773
39 749 744 754 748 757 766 760 769
46 782 775 779 746 783
55 770
62 771 753 767 761 778

DAY = 27
NUMBER_OF_TRUCKS = 10
1 810 818 0 814 0 809
2 805 825 0 827 0 823 815
3 826 817 808 0 824
4 821 816
5 807 819
6 822 820
7 806 0 828
8 813
9 811
10 812
NUMBER_OF_TECHNICIANS = 12
13 751
22 787
24 801 803 785
35 790 784 794 799
37 780 755 797 792
38 791
40 788
51 786 793 796
55 768 789 795
58 804 802
62 800
63 798 724 720 764

DAY = 28
NUMBER_OF_TRUCKS = 16
1 852 832 0 857
2 865 0 831 0 864 0 842
3 835 848 0 840 843
4 850 0 834 0 833
5 860 836 0 849
6 830 862
7 845 846
8 839 861
9 854 829
10 837 858
11 851 856
12 853
13 866
14 844
15 847 841
16 859 867
NUMBER_OF_TECHNICIANS = 12
1 812
3 805 808
18 817 821
19 810 826 811
35 807 806 809 824
37 819
38 813
39 822
46 820
51 823 825 814 818 827 815
55 816
58 828

DAY = 29
NUMBER_OF_TRUCKS = 18
1 884 0 880 0 888 871 0 878 891
2 881 877 0 900
3 875 886 0 885 889
4 894 895
5 868 0 879
6 896 876
7 887 882
8 872 892
9 890 898
10 899
11 874
12 897 893
13 883
14 869
15 873
16 863
17 838
18 855
NUMBER_OF_TECHNICIANS = 14
3 837 858 848 839
6 861
8 852 865 835 830 864
18 840
22 860 857 854
37 841 847 844 849 851
38 866
39 862 843
40 867
46 853
51 836
55 859
62 829 856 846
68 850 832 834 831 845 833 842

DAY = 30
NUMBER_OF_TRUCKS = 1
1 870
NUMBER_OF_TECHNICIANS = 13
1 881 871 879 889 890
3 878 894
6 883
19 893 869
22 899
37 874 891
39 885 886 877
46 882 876 863 896
56 884 872
58 855
62 898 873 895
63 838 892
68 875 880 868 900 887 897 888

DAY = 31
NUMBER_OF_TRUCKS = 0
NUMBER_OF_TECHNICIANS = 1
63 870

DAY = 32
NUMBER_OF_TRUCKS = 0
NUMBER_OF_TECHNICIANS = 0

DAY = 33
NUMBER_OF_TRUCKS = 0
NUMBER_OF_TECHNICIANS = 0

DAY = 34
NUMBER_OF_TRUCKS = 0
NUMBER_OF_TECHNICIANS = 0

DAY = 35
NUMBER_OF_TRUCKS = 0
NUMBER_OF_TECHNICIANS = 0
