DATASET = ORTEC Early VeRoLog 2019
NAME = Instance 16

TRUCK_DISTANCE = 182087
NUMBER_OF_TRUCK_DAYS = 227
NUMBER_OF_TRUCKS_USED = 27
TECHNICIAN_DISTANCE = 59868
NUMBER_OF_TECHNICIAN_DAYS = 130
NUMBER_OF_TECHNICIANS_USED = 24
IDLE_MACHINE_COSTS = 47430
TOTAL_COST = 7825687670

DAY = 1
NUMBER_OF_TRUCKS = 27
1 37 7 0 49 0 61 0 22 35 65 0 32
2 13 19 0 57 42 69 0 16
3 67 50 0 41
4 53 56 68 0 30
5 51 0 18 0 3 27 46
6 34 12 0 58 62
7 24 0 59 0 31
8 44 25 0 5
9 63 40 0 39
10 15 4 29
11 23 9 66 55
12 48 47 0 26
13 11 52
14 45 0 36
15 60
16 54
17 38 64
18 10
19 21 28
20 20
21 1
22 6 2
23 33
24 43
25 14
26 17
27 8
NUMBER_OF_TECHNICIANS = 0

DAY = 2
NUMBER_OF_TRUCKS = 25
1 110 0 111 0 120 0 84 122 0 102
2 125 127 0 90 115 0 76 104
3 92 88 119 129 0 85 97
4 77 0 116 72 0 100 96
5 99 93 73 74 0 114
6 98 117 0 107
7 86 103 131
8 82 124 0 81
9 121 94 126 83
10 118 75
11 87 70
12 108
13 123
14 78 112
15 80
16 109
17 95
18 130
19 105
20 79 91
21 101
22 89
23 106
24 113
25 71 128
NUMBER_OF_TECHNICIANS = 13
2 36 38
3 2
4 68 4
5 33 14 17 47
6 15 11 29 52 28
9 45 10
10 43 8 6
15 37 49 7 53 59 34 63
17 66 9 23 65 35 22 13 57 42 69
19 61 19 41 30 16 48 56 24 62
21 50 55 3 31 26 46 27
22 60 32 40
25 12 5 58 25 44 67 18 51 39

DAY = 3
NUMBER_OF_TRUCKS = 26
1 160 180 0 192 0 140 193 0 159 167 178
2 181 161 200 0 154
3 142 0 152 0 132 155
4 197 144 146 0 163
5 189 148 0 182 0 143 139
6 196 172 136 0 194 0 133 141
7 158 191 150 0 169
8 198 0 147 0 165 138
9 176 201 0 156 185
10 190 164 145 183
11 151 0 166 137
12 195 0 173
13 170 188
14 187
15 174
16 135
17 168
18 199 175
19 162
20 179
21 134
22 153 157
23 186 171
24 184
25 202
26 149 177
NUMBER_OF_TECHNICIANS = 13
2 95
3 114 129 119 88 100 103 86
4 112
5 70 79 89 106
6 121 131 83 128
9 85 97 87 94 126
10 91 71 113 21
15 111 84 122 92 115 90 125
17 108 130
19 110 127 72 116 96 78
21 99 93 104 117 102 124 74 82 107 73
22 98 77 120 118 81 54 123
25 76 80

DAY = 4
NUMBER_OF_TRUCKS = 25
1 245 0 216 0 276 0 277
2 251 258 274 0 239
3 273 0 211 225 0 238 0 234 237
4 257 259 227 0 247 214 249
5 228 0 213 0 219 254
6 252 256 269 0 278 210
7 253 206 0 230 0 266 264
8 212 0 229 0 263 232
9 267 208 226
10 246 221 0 268
11 255 218 0 240 248
12 242 250 0 207
13 222 224 272
14 233 0 243
15 261 217
16 265 236
17 204
18 262
19 235
20 205 244 203
21 223 220
22 241
23 231
24 209
25 260
NUMBER_OF_TECHNICIANS = 14
2 143 139 163 138 170 188
3 151 155 183 169 132 182 136 142 140
4 194 158 191 189 172 148 196
5 179 134 171 153 157 187
6 144 146 177
8 174
9 193 137
10 202 184 149 186
15 181 176 190 164 145 135
17 150 141
19 192 160 180 197 154 166 195 173
21 200 159 167 152 161 178 133 156 185 147
22 201 198 165 109 64 20 199
25 105 168 75

DAY = 5
NUMBER_OF_TRUCKS = 26
1 322 0 319 0 329 333 0 331 0 297 299 0 294 0 324
2 281 0 284 0 341 304
3 321 327 328
4 338 311 0 335 285 0 330 306
5 288 314 0 336
6 334 301 0 326 286
7 287 0 332 313 0 295 346
8 337 325 0 293
9 292 0 343
10 315 0 303
11 279 280 0 283 310
12 291 316
13 344 308
14 345
15 300 296
16 312 340
17 298 318
18 339
19 290 302
20 282
21 275
22 317
23 342
24 309
25 270
26 320
NUMBER_OF_TECHNICIANS = 16
2 266 227 264 234 237 236
3 233 224 259 276 206 208
4 243
5 277
6 269 205 244 203
8 217 235
9 252 256 213 228 211 257
10 223 241 265
11 226 272 220
13 231 209
15 251 258 247 216 255 218 263
17 210 175
19 245 225 253 273 230 239 261
21 219 274 214 240 254 248 278 268 221 249
22 232 262 204 1 162
25 229 246 267 238 222 250 207 242 212

DAY = 6
NUMBER_OF_TRUCKS = 27
1 367 0 401 0 408 0 355 410 377 358
2 407 350 0 393 0 411 406
3 376 0 386 0 389
4 349 368 374 0 409
5 394 391 382 0 371
6 357 387 0 360 0 403
7 370 0 364 0 373 381
8 375 392 0 405 412 379
9 383 366 347 402
10 352 0 404
11 384 397 396
12 385 351
13 353 0 372
14 398 0 363
15 388 365
16 380
17 362
18 354 378 289
19 359
20 348
21 400
22 369 307
23 399
24 361
25 395
26 390 323
27 305 356
NUMBER_OF_TECHNICIANS = 15
2 328 290 260 302
3 291 315 292 336 299 326 286 330
4 288
5 312 275 317
6 316
8 295 346 344
9 308
10 270 340 339
11 320 309 318 342
15 322 329 333 331 319 327 321
17 306 293 345
19 281 297 324 304 294 332 287 285 335
21 334 314 311 338 301 279 283 280 310 303
22 337 313 325 343 296 300 282
25 284 341 298

DAY = 7
NUMBER_OF_TRUCKS = 25
1 454 0 427 460 0 436 0 426 0 464 0 442
2 420 421 414 465
3 425 415 468 0 439
4 437 457 0 459
5 461 0 446
6 441 434 424
7 463 435 0 444 428
8 433 0 453
9 469 418 0 438 429
10 452 422 0 462
11 456 455
12 443 451 0 431
13 423 419 0 466
14 432 417
15 416
16 449 445
17 450
18 430
19 413
20 448
21 440
22 458 447
23 467
24 271
25 215
NUMBER_OF_TECHNICIANS = 11
1 399
7 406 379 351 388 398 411 409
8 363 403 365 371 347
11 348 378 305 323 289 356
13 410 407 370 387 377 358 412
14 401
16 383 366 372 381 373
18 355
20 367 375
23 368 349 360 364 389 402 397 385
24 392

DAY = 8
NUMBER_OF_TRUCKS = 24
1 476 484 502 0 524 0 499 0 505
2 515 531 0 470 0 487 0 486
3 480 481 0 528 0 472
4 482 510 514 0 478 483
5 477 489 0 485 0 513 0 488 518
6 529 525 0 508 0 496 474
7 511 475 522
8 517 0 521 0 493
9 497 523 535
10 519 509 0 490
11 503 516 0 533
12 527 0 526
13 501 498
14 500 0 495
15 506 520
16 530
17 504
18 532
19 491
20 479
21 512
22 534 471
23 494
24 507
NUMBER_OF_TECHNICIANS = 11
1 467 271 215 447 440
7 469 433 446 438 459 457 453 418
8 417 432
11 448 395 361 307 445 390 400
13 441 465 434 419 423
14 427 454 436 460
16 420 421 463 435
18 426 394
20 408 464 352 404
23 425 415 374 437 405 468 357 350
24 422

DAY = 9
NUMBER_OF_TRUCKS = 22
1 537 0 558 0 573 577 0 586 549 574 0 599 0 545 548
2 544 594 556 0 542 0 593 568 590
3 541 553 571 546 0 554 0 581 569
4 567 543 576 539
5 562 588 579 0 592 547
6 551 0 536 555 0 591 584
7 540 563 538
8 582 570 572
9 557 0 578
10 550 561 598
11 583 565
12 560 0 600
13 552 564
14 575 0 596
15 587
16 585
17 566
18 589 597
19 595
20 492
21 580 559
22 473
NUMBER_OF_TECHNICIANS = 19
1 532
2 500 493 414
3 391 516 443 462 382 490 474 509 384
6 506 520 354 458 424
7 495 504 430 491 359
9 510 482 487 528 511 475
10 362 530 431 416
11 471 369 396 494 413 534
13 480 501
14 470
15 498 455 479 507 101
16 478 483 522 514 486 442 472
17 429
18 476 502 484 499 524 515 531
19 393 461 521 353 451 439 526 518 508
21 525 497 485 481 513 529 517 505 527 523
22 376 386 452 533 456 450 512
23 477 519 444
25 488 489 503 428 496 466 449

DAY = 10
NUMBER_OF_TRUCKS = 0
NUMBER_OF_TECHNICIANS = 17
2 583 572 565 589
3 552 545 599 588
5 580 492
6 598 559 535
7 582 539 547 546 538 596 557
9 567 556 543 542 592
10 564 587 566
13 554 576 560
16 591 578 575 584
17 570
18 558 577 586 549 574 544 537 541 553
19 573 594 593 563 561 600 548 585
21 571
22 595
23 562 540 579 590 550 568 569 581
24 551 536 555
25 380

DAY = 11
NUMBER_OF_TRUCKS = 0
NUMBER_OF_TECHNICIANS = 1
6 597 473

DAY = 12
NUMBER_OF_TRUCKS = 0
NUMBER_OF_TECHNICIANS = 0

DAY = 13
NUMBER_OF_TRUCKS = 0
NUMBER_OF_TECHNICIANS = 0

DAY = 14
NUMBER_OF_TRUCKS = 0
NUMBER_OF_TECHNICIANS = 0

DAY = 15
NUMBER_OF_TRUCKS = 0
NUMBER_OF_TECHNICIANS = 0
