DATASET = ORTEC Early VeRoLog 2019
NAME = Instance 4

TRUCK_DISTANCE = 343667
NUMBER_OF_TRUCK_DAYS = 290
NUMBER_OF_TRUCKS_USED = 11
TECHNICIAN_DISTANCE = 118489
NUMBER_OF_TECHNICIAN_DAYS = 280
NUMBER_OF_TECHNICIANS_USED = 16
IDLE_MACHINE_COSTS = 0
TOTAL_COST = 384804900

DAY = 1
NUMBER_OF_TRUCKS = 7
1 11 3 14
2 6 4
3 7 2
4 1 9
5 12 13 8
6 10
7 5
NUMBER_OF_TECHNICIANS = 0

DAY = 2
NUMBER_OF_TRUCKS = 6
1 21 17
2 22 18
3 23 26
4 24 25
5 19 16 20
6 15
NUMBER_OF_TECHNICIANS = 6
42 11
62 13 8
65 4 7
69 5 9 6 2 3
76 10
88 1 14 12

DAY = 3
NUMBER_OF_TRUCKS = 7
1 40 31 29
2 32 35
3 39 33
4 36 37 30
5 38 27
6 28
7 34
NUMBER_OF_TECHNICIANS = 5
42 21
62 23
65 17 24 26
69 19 16 15 18 22
88 25 20

DAY = 4
NUMBER_OF_TRUCKS = 5
1 44 43 47
2 42 45
3 41
4 48
5 46
NUMBER_OF_TECHNICIANS = 4
42 31 39
52 40 32
65 29 30 36 27 28
76 37 38 33 34 35

DAY = 5
NUMBER_OF_TRUCKS = 8
1 62 60 61 0 53
2 57 58
3 59 56
4 63 0 55
5 52 54
6 49 64
7 51
8 50
NUMBER_OF_TECHNICIANS = 4
65 45 42 41 47
76 43
88 48 44
96 46

DAY = 6
NUMBER_OF_TRUCKS = 8
1 68 73 70 80
2 67 79
3 75
4 76 72 78
5 71 66
6 74 69
7 77
8 65
NUMBER_OF_TECHNICIANS = 8
52 62 57 59
62 60
65 55 52 64 50
69 51
70 61
76 63 53
88 56 58
96 49 54

DAY = 7
NUMBER_OF_TRUCKS = 4
1 82 86
2 81 83
3 85 87
4 84
NUMBER_OF_TECHNICIANS = 7
42 68 73
62 72
69 65
70 67 75 79 76 77
88 66 80 70 71 69
96 74
97 78

DAY = 8
NUMBER_OF_TRUCKS = 10
1 100 95 93
2 98 102
3 99 103
4 101
5 94 91
6 97 96
7 90
8 92
9 88
10 89
NUMBER_OF_TECHNICIANS = 4
42 82
69 86 84
70 81 87
96 85 83

DAY = 9
NUMBER_OF_TRUCKS = 9
1 121 116 120
2 115 114 0 105
3 112 106
4 117 109
5 108 118
6 107 104
7 110
8 119
9 113 111
NUMBER_OF_TECHNICIANS = 6
42 100 95
52 98 99
65 97 90 103
76 93 102 101 91 92 88
96 89
97 96 94

DAY = 10
NUMBER_OF_TRUCKS = 8
1 129 124 127
2 135 130
3 131 122
4 134 123
5 132 133
6 125
7 128
8 126
NUMBER_OF_TECHNICIANS = 6
42 121 116
65 118 108 107 104 119
69 110 111
70 114 105 117 115
88 112 106
97 113 109 120

DAY = 11
NUMBER_OF_TRUCKS = 6
1 143 144 0 145
2 147 149 141 139
3 148 146 140
4 138 150
5 136 142
6 137
NUMBER_OF_TECHNICIANS = 7
31 126
52 129 135
65 127 131 125 122
69 133
70 124
76 130 132 134 128
88 123

DAY = 12
NUMBER_OF_TRUCKS = 7
1 151 162 158
2 160 0 156
3 153 159 161
4 157 163
5 152
6 155
7 154
NUMBER_OF_TECHNICIANS = 8
31 146
42 141
52 143 147
65 148
70 145 140 138
76 144 149
88 136 139
96 142 137 150

DAY = 13
NUMBER_OF_TRUCKS = 9
1 171 165 181
2 166
3 180 174 175
4 177 167
5 168 172
6 170 173
7 164 176 178
8 179
9 169
NUMBER_OF_TECHNICIANS = 6
31 155
42 162
65 153 159 163 154
70 160 156 152 161 157
71 151
96 158

DAY = 14
NUMBER_OF_TRUCKS = 8
1 189 193 186
2 185 182
3 183 0 195
4 191 196
5 184 194
6 187
7 190
8 192 188
NUMBER_OF_TECHNICIANS = 10
31 172 168
42 165
52 171
62 176
69 170
70 180 175 178
76 166
88 169
96 167 164 177 174
97 179 173 181

DAY = 15
NUMBER_OF_TRUCKS = 11
1 221 205 0 218 215
2 199 207 204
3 198 206
4 209 216 211
5 219 213
6 201 217
7 220
8 200 203
9 222 210
10 202 212
11 214
NUMBER_OF_TECHNICIANS = 7
42 193
52 185
62 184
69 182 188
72 189
76 195 191 187 196 183
96 190 186 192 194

DAY = 16
NUMBER_OF_TRUCKS = 8
1 236 240 224 0 226 0 233
2 231 239 229
3 232 234 225
4 228 235
5 238 223
6 237 230
7 197 227
8 208
NUMBER_OF_TECHNICIANS = 9
42 218
52 221 205 199
62 213 217
65 204 210 200 209 206 216
69 214 202 211 212 219
71 207
76 198 220 222
88 203
96 201 215

DAY = 17
NUMBER_OF_TRUCKS = 5
1 241 244
2 250 251
3 247 249 246
4 242 248
5 243 245
NUMBER_OF_TECHNICIANS = 10
31 229
52 236
65 238 228
69 223 225 197 235 234 227
70 232 233
71 240
72 226 224 231
88 237 239
97 230
98 208

DAY = 18
NUMBER_OF_TRUCKS = 9
1 262 252 0 261
2 256 255 266
3 263 264
4 267
5 258 259
6 260
7 257 254
8 265
9 253
NUMBER_OF_TECHNICIANS = 6
8 250
65 247 241
69 246
70 244 251 243 249
88 242
97 248 245

DAY = 19
NUMBER_OF_TRUCKS = 5
1 275 277 0 270
2 271 269 274 268
3 272
4 276
5 273
NUMBER_OF_TECHNICIANS = 6
8 266 258 260 253
52 262
65 264
70 256 257
96 265 255 263 261 252
98 254 259 267

DAY = 20
NUMBER_OF_TRUCKS = 7
1 278 279 0 281
2 290 287 285
3 283 286
4 282 288
5 291 280
6 289
7 284
NUMBER_OF_TECHNICIANS = 6
8 271 269 274
31 276
52 275
70 272 268 270
76 277
98 273

DAY = 21
NUMBER_OF_TRUCKS = 8
1 310 303 296 0 302
2 308 307
3 300 292 304 293
4 298 306 305 299
5 294 297
6 295
7 309
8 301
NUMBER_OF_TECHNICIANS = 6
8 285 286
42 278
70 287 279 283 291 282 281
76 290
97 280
98 288 289 284

DAY = 22
NUMBER_OF_TRUCKS = 7
1 313 320 0 321
2 323 316 314 318
3 317 319
4 324 311
5 312 322
6 315 325
7 326
NUMBER_OF_TECHNICIANS = 8
8 294 305 306 298 297 299 301
31 304
42 303
52 310
65 308 296 293
76 300 302
88 292
98 295 309 307

DAY = 23
NUMBER_OF_TRUCKS = 6
1 333 330 0 342 339
2 334 332 0 338
3 337 340 341
4 329 343 344
5 328 335 331
6 327 336
NUMBER_OF_TECHNICIANS = 9
31 317 314
42 323
65 318
69 325
71 320
72 313
76 316 324 321
96 312 322 315 319 311
97 326

DAY = 24
NUMBER_OF_TRUCKS = 7
1 353 0 348 347
2 352 357 346
3 350 354 355
4 351 360
5 349 358
6 345 359
7 356
NUMBER_OF_TECHNICIANS = 9
31 335 334
52 333 339 330
65 341 340 337 343 331
69 336
70 332
72 342
76 338
96 328 344
98 327 329

DAY = 25
NUMBER_OF_TRUCKS = 8
1 371 374
2 369 372
3 361 367
4 368 373
5 363 366
6 364 362
7 370
8 365
NUMBER_OF_TECHNICIANS = 7
8 346 351 354 350 360 358 356
62 355
69 345
70 352 357 348
72 353
88 359
96 349 347

DAY = 26
NUMBER_OF_TRUCKS = 10
1 379 378
2 377 380
3 387 386 382
4 381 388
5 383 391
6 375
7 389
8 390
9 376 384
10 385
NUMBER_OF_TECHNICIANS = 6
8 363 369
31 370 362 364 367
52 371
62 372
70 361 366 373 368 374
88 365

DAY = 27
NUMBER_OF_TRUCKS = 9
1 404 412 407
2 395 406
3 411 408
4 401 0 397 392
5 410 393
6 394 399 398
7 400 403
8 402 405 409
9 396
NUMBER_OF_TECHNICIANS = 8
8 386 387 377
52 379
62 378
69 382 381 380
70 375 389 383
88 385
97 384
98 391 390 376 388

DAY = 28
NUMBER_OF_TRUCKS = 9
1 418 415 0 421 416 0 433 414
2 428 420
3 426 422
4 427 430 434 413
5 425 429
6 419
7 432 417
8 431 424
9 423
NUMBER_OF_TECHNICIANS = 9
8 410 397 400
31 399
42 404 395
60 403
62 393
65 406 402 405 409
69 407
70 411 408 394 401 412 392 398
98 396

DAY = 29
NUMBER_OF_TRUCKS = 10
1 442 452 0 447
2 446 443 438
3 435 0 457
4 456 454 455
5 440 444
6 453 445
7 439 458
8 441
9 436
10 437
NUMBER_OF_TECHNICIANS = 11
8 432 429 434 417 425
31 424
52 415 421 416
60 414 413
62 422
65 427
72 418
76 433
88 431 423
96 419 428
98 430 420 426

DAY = 30
NUMBER_OF_TRUCKS = 11
1 475 459 0 467
2 466 469 463
3 477 460 474
4 470 464 465
5 471 473
6 462
7 451 468
8 448
9 478 461
10 449 476
11 450
NUMBER_OF_TECHNICIANS = 6
65 453 441 454 443 446 436
69 445
72 442 452
76 447
96 444 435 438
98 455 437 439 440 457 456 458

DAY = 31
NUMBER_OF_TRUCKS = 6
1 488 486 489
2 484 490 487
3 483 482
4 480 485
5 479
6 472 481
NUMBER_OF_TECHNICIANS = 8
31 462 467
42 475
65 471 473 477 459 466
69 476
70 460 469 474
96 470 464 468
97 465 463 478 451 449
98 461 448 450

DAY = 32
NUMBER_OF_TRUCKS = 4
1 495 499 494
2 496 0 500 492
3 497 491 501 493
4 498
NUMBER_OF_TECHNICIANS = 6
8 484 487 472
42 488 486
65 490 483
69 482 481 485
70 489
96 480 479

DAY = 33
NUMBER_OF_TRUCKS = 8
1 510 0 511
2 514 512 502
3 503 509 507
4 513
5 508
6 506
7 504
8 505
NUMBER_OF_TECHNICIANS = 7
8 501 498
52 495
60 493
62 500 492 499
70 497 491
76 496
88 494

DAY = 34
NUMBER_OF_TRUCKS = 7
1 527 519
2 515 523 518
3 525 517 516
4 524 522
5 520
6 521
7 526
NUMBER_OF_TECHNICIANS = 8
8 513 511 502 509 503 507
60 508
69 504
71 514
72 510
96 512
97 505
98 506

DAY = 35
NUMBER_OF_TRUCKS = 7
1 530 531 537
2 541 539
3 528 532 540
4 536
5 529 533
6 534
7 535 538
NUMBER_OF_TECHNICIANS = 8
8 522 520 516
31 521
60 515
62 525
70 527
76 518 526
88 523
98 524 517 519

DAY = 36
NUMBER_OF_TRUCKS = 7
1 554 550 551 0 546
2 548 544
3 556 549 545
4 547 555
5 552 543
6 553
7 542
NUMBER_OF_TECHNICIANS = 7
8 532 538 533 540 531
42 530
60 535
65 528
70 541
96 534
98 529 536 539 537

DAY = 37
NUMBER_OF_TRUCKS = 5
1 566 559 562
2 561 564 565
3 558 557
4 560
5 563 567
NUMBER_OF_TECHNICIANS = 9
42 554 550
60 555 547
65 552 556 549 543
69 545
70 551 548
76 546
88 544
97 542
98 553

DAY = 38
NUMBER_OF_TRUCKS = 7
1 582 569 571
2 568 576 581
3 579 578 577
4 574
5 570 575
6 572 573
7 580
NUMBER_OF_TECHNICIANS = 7
31 560
52 566 559
65 561 565
69 557
70 564
96 562 558
98 563 567

DAY = 39
NUMBER_OF_TRUCKS = 7
1 586 584 588
2 587 589
3 594 593 596 597 592
4 591 599
5 600 590 598
6 583
7 585 595
NUMBER_OF_TECHNICIANS = 8
8 579 581 573 575
31 574
42 582
65 568 571 569 572
69 577 576
88 570
96 578
97 580

DAY = 40
NUMBER_OF_TRUCKS = 0
NUMBER_OF_TECHNICIANS = 8
8 591 594 597 592
31 600 589 587
52 586
62 596
69 583 599
70 588 584 593
88 598 585
96 590 595

DAY = 41
NUMBER_OF_TRUCKS = 0
NUMBER_OF_TECHNICIANS = 0

DAY = 42
NUMBER_OF_TRUCKS = 0
NUMBER_OF_TECHNICIANS = 0

DAY = 43
NUMBER_OF_TRUCKS = 0
NUMBER_OF_TECHNICIANS = 0

DAY = 44
NUMBER_OF_TRUCKS = 0
NUMBER_OF_TECHNICIANS = 0

DAY = 45
NUMBER_OF_TRUCKS = 0
NUMBER_OF_TECHNICIANS = 0
