DATASET = ORTEC Early VeRoLog 2019
NAME = Instance 21

TRUCK_DISTANCE = 193021
NUMBER_OF_TRUCK_DAYS = 204
NUMBER_OF_TRUCKS_USED = 28
TECHNICIAN_DISTANCE = 42937
NUMBER_OF_TECHNICIAN_DAYS = 117
NUMBER_OF_TECHNICIANS_USED = 21
IDLE_MACHINE_COSTS = 44940
TOTAL_COST = 4486887990

DAY = 1
NUMBER_OF_TRUCKS = 23
1 41 0 26 18 0 59 0 9
2 25 31 22 0 30 4
3 3 13 0 53 55
4 45 11 0 16
5 43 8 0 36
6 10 0 32 0 49
7 27 14
8 33 0 50
9 23 24 0 19
10 51 0 54
11 37 0 2
12 47 40
13 58 39
14 48 42 21
15 52 46
16 57 0 20
17 56 0 12
18 17 38
19 5 35
20 60
21 29
22 6
23 44
NUMBER_OF_TECHNICIANS = 0

DAY = 2
NUMBER_OF_TRUCKS = 26
1 95 110 0 73 0 100 62 0 105
2 82 84 0 70
3 108 66 0 91 113
4 93 107 0 97
5 89 78
6 101 0 111
7 92 75 0 102
8 83 63 109 0 72
9 112 0 90
10 80 0 99
11 67 0 88
12 103 98 106
13 81 86
14 94 85
15 69
16 77
17 64 65
18 87
19 79
20 1 76
21 28
22 71
23 15
24 74 34
25 61
26 7
NUMBER_OF_TECHNICIANS = 13
2 56
4 4 19 57 39 52 9
5 20 40 47
6 33 8 41 22 53
7 49 48 37 11
9 5 17 58 23 14
10 26 25 18 43 10 27 3 45
13 21 12
21 35 44 60 6
22 42 54 55 51 2 30 24
23 29 46
24 32
25 59 50 16 13 36

DAY = 3
NUMBER_OF_TRUCKS = 28
1 119 0 143 0 114 124
2 140 127 0 155
3 148 0 131
4 144 134 0 147
5 151 154
6 125 150 136 0 142
7 146 129 0 120
8 164 0 149
9 115 121 0 130
10 152 118
11 141 0 161
12 132 135
13 157 138
14 162 158
15 126
16 160 116
17 139
18 128
19 163
20 123 156
21 159
22 145
23 122
24 153
25 137
26 117
27 104
28 133
NUMBER_OF_TECHNICIANS = 14
4 67 75 99 72 97 83
5 28 86 65 71 74 76 38
6 92 80 81
7 98 103
9 94 69 64 78 87
10 95 110 100 62 31
11 90 88
14 85 102
15 34
21 7 61 15 79 1 106 77
22 63 107 111 93 70 73 105
23 109 91 113
24 108
25 82 84 89 101 112 66

DAY = 4
NUMBER_OF_TRUCKS = 21
1 174 0 202 0 177 0 198 178 0 189 169
2 206 203 190 0 168 183
3 186 0 176 0 205
4 193 194 0 172 191
5 192 204 0 188
6 199 197
7 201 0 171
8 179 187 0 175
9 196 170
10 207 0 180
11 200 210
12 195 185
13 208
14 167 184
15 165
16 182
17 209
18 181 173
19 68
20 96
21 166
NUMBER_OF_TECHNICIANS = 14
2 149 136 150 146 147 148 124 155
4 130
5 135 117 158 156 122 145 137 133
6 134 114
7 132 157 163
9 160 141 159 138
10 143
11 151 126
13 139
14 154 123 128
21 104 116 153
22 142 125 164 162 118
23 129 161 121 115 120 152
25 140 144 131 127 119

DAY = 5
NUMBER_OF_TRUCKS = 20
1 249 261 264 0 245 0 240 0 267
2 218 0 229 0 241 0 268 250
3 221 260 0 252 0 266
4 247 0 257 0 262
5 214 242 251 0 256
6 231 0 225 0 265 226 233
7 211 254 0 269
8 223 219 0 263
9 243 0 258
10 236 213 259
11 212 228 0 239
12 215 232
13 248 220
14 217 230
15 246 0 255
16 235
17 224
18 227
19 222 270
20 253
NUMBER_OF_TECHNICIANS = 13
2 175 187 205 170 180 196 168
4 188
5 184 166
6 192 193 183 207 197
9 185 208 200 195 190
10 174 202 198 189 171 191
11 194 204 210
13 181 209
14 165 167 182
21 68 96
22 173
23 179 172 169 199 201
25 176 203 206 186 178 177

DAY = 6
NUMBER_OF_TRUCKS = 25
1 289 304 0 272 0 300 309
2 296 0 303 0 310
3 287 0 302 0 319 318
4 281 290 276 0 271 285
5 283 291
6 317 292 0 307
7 322 0 286
8 282 0 321
9 313 278 0 280
10 308 0 311
11 301 0 305
12 284 288
13 312 275
14 299 316 315
15 323
16 293 273
17 297
18 237 294 274
19 244
20 306
21 234
22 320 295
23 298
24 314 277
25 216
NUMBER_OF_TECHNICIANS = 15
2 240
4 267 250 228 262 217 232
5 230 270 255
6 258 259 246 248
7 256
9 253
10 218 266
11 254 223 211 225 229 242 257 247 214
13 235
14 220 224 222 227
21 219
22 263 239
23 233 215 226 251 265 269
24 261 249 245 231 264 221 252 260
25 241 243 236 213 212 268

DAY = 7
NUMBER_OF_TRUCKS = 25
1 326 365 0 341 0 349 344 0 327 370
2 369 358 0 339 0 351 373
3 330 366 345
4 367 348 0 354
5 329 352
6 362 0 336 0 364 332 328
7 376 0 375
8 363 0 374
9 353 0 350
10 334 357 356
11 337 359
12 360 368 371
13 325
14 346
15 333 355
16 335
17 343
18 340
19 342 331
20 338
21 238
22 347
23 361 324
24 279
25 372
NUMBER_OF_TECHNICIANS = 11
2 278 271 321 310 319 322 282 313
3 311 318 301
7 288 285 291 308 284 307 305 286
11 283 300 317 272 287 302
12 312
13 280
14 293 323
15 294 315 292
16 303 281
20 299
24 289 296 304 290

DAY = 8
NUMBER_OF_TRUCKS = 19
1 407 0 412 0 414
2 419 406 0 417
3 408 382 0 384 393
4 392 381 0 410
5 385 391 0 411
6 418 402
7 420 404 390 0 400 389
8 395 415 409 0 394 396
9 377 401
10 403
11 380
12 387
13 386
14 383 379
15 398
16 399 416
17 405
18 378 413
19 397 388
NUMBER_OF_TECHNICIANS = 9
2 363 353
3 328 334
7 327 337 370 357 350 332 356
12 354 348 374 373 376 367 351 358
15 342 355 333
16 326 341 344
18 349
20 345
24 365 369 339 362 366 375 336 364

DAY = 9
NUMBER_OF_TRUCKS = 17
1 436 0 426 0 432
2 434 449 423 0 445
3 450 444 0 421
4 433 0 425
5 424 438 0 435
6 427 0 440
7 439 447
8 431 428
9 422
10 448
11 429
12 441
13 442
14 430
15 437
16 443
17 446
NUMBER_OF_TECHNICIANS = 15
3 400 394 390
4 415 395 389 401 403 396
5 244 274 383 237 306 320 295 405
6 392 309 406 409 411
7 297
9 325 346 316 331 298
10 276
12 417 402 420 404 414 382 408
15 379 324 361 413 388
16 407
21 338 238 273 398 234 399 216
22 410 381 359 275
23 377 387 380
24 329 418
25 385 393 412 384 330 419

DAY = 10
NUMBER_OF_TRUCKS = 0
NUMBER_OF_TECHNICIANS = 12
4 431 445
5 428 437 347 397
6 427 438 360
9 430 314 378 279 277
11 450 444 425 439 391
12 432 423 424 433 449 426 421 434
14 368 371 448 429 447 386 335 441
16 436
20 422
21 446 416 372 443 340
23 440 435 442
25 352

DAY = 11
NUMBER_OF_TRUCKS = 0
NUMBER_OF_TECHNICIANS = 1
9 343

DAY = 12
NUMBER_OF_TRUCKS = 0
NUMBER_OF_TECHNICIANS = 0

DAY = 13
NUMBER_OF_TRUCKS = 0
NUMBER_OF_TECHNICIANS = 0

DAY = 14
NUMBER_OF_TRUCKS = 0
NUMBER_OF_TECHNICIANS = 0

DAY = 15
NUMBER_OF_TRUCKS = 0
NUMBER_OF_TECHNICIANS = 0
