DATASET = ORTEC Early VeRoLog 2019
NAME = Instance 24

TRUCK_DISTANCE = 221133
NUMBER_OF_TRUCK_DAYS = 269
NUMBER_OF_TRUCKS_USED = 9
TECHNICIAN_DISTANCE = 165720
NUMBER_OF_TECHNICIAN_DAYS = 328
NUMBER_OF_TECHNICIANS_USED = 16
IDLE_MACHINE_COSTS = 0
TOTAL_COST = 26624680

DAY = 1
NUMBER_OF_TRUCKS = 6
1 2 11 0 19 8 0 9 1
2 4 14 7 0 12
3 17 16 0 20 18
4 3 5 22 15
5 21 10
6 6 13
NUMBER_OF_TECHNICIANS = 0

DAY = 2
NUMBER_OF_TRUCKS = 7
1 39 30 0 38 43 27
2 23 28 24 0 42 40 29 32
3 34 25 35
4 26 33
5 36 41
6 37
7 31
NUMBER_OF_TECHNICIANS = 7
2 17 10
4 3 5 11 9
14 15 6
35 19 8 16 22 13
67 1 18 20 4 12
70 2 14 7
75 21

DAY = 3
NUMBER_OF_TRUCKS = 7
1 47 64 45 0 67 72 65 66
2 69 51 71 0 46
3 52 55 0 44 50
4 59 54
5 63 58 49 0 56 60
6 57 70 68
7 48 62
NUMBER_OF_TECHNICIANS = 9
2 40 37
4 32 42 38 30 23 27
14 29
18 41 33 36
35 26
67 25
69 28
70 43 24 35
75 34 39 31

DAY = 4
NUMBER_OF_TRUCKS = 8
1 96 91 73 0 81 93
2 95 99
3 77 76 0 83 97
4 87 61 0 88 79
5 89 80
6 74 92 53
7 98 78
8 90 84 82
NUMBER_OF_TECHNICIANS = 8
2 45 59 66 67 63 58 49
4 44 50 60
18 70
35 55 48 46
67 62
70 72 65 51 56
75 52 64 47 69 71 54 57
98 68

DAY = 5
NUMBER_OF_TRUCKS = 8
1 108 107 102 0 119 116
2 114 103 100 101 106
3 112 117 120 0 75
4 111 109 0 115 113
5 118 110
6 104 94
7 121 105 85
8 86
NUMBER_OF_TECHNICIANS = 9
4 83 82
14 90 53
18 84 92
35 97 74 88 96 81 95
58 80
67 93 61
69 89 91 87 76 79
70 73 78
98 77 99 98

DAY = 6
NUMBER_OF_TRUCKS = 5
1 127 132 0 128 136 0 137 122 125
2 126 124 140 135 0 133 134
3 139 123 138
4 129 130
5 131
NUMBER_OF_TECHNICIANS = 8
4 115 113 105 85 114 108 112
18 121
35 117 120 75 94
67 118 109 101 102 111 107 103
69 106 100 110
70 119 104
75 116
98 86

DAY = 7
NUMBER_OF_TRUCKS = 7
1 145 153 154 157 0 161
2 146 155 164 0 150 156
3 166 147 163 0 148 142 0 151 158
4 168 143
5 167 149
6 165 159
7 160 162
NUMBER_OF_TECHNICIANS = 5
14 131 138
58 132 125
69 129 124 136 122 137 133 123
75 139 134
98 126 128 140 135 130 127

DAY = 8
NUMBER_OF_TRUCKS = 6
1 188 180 0 187 179 0 177 169
2 173 183 0 185 170
3 184 174 0 175 191
4 181 190 0 171 172
5 189 182 176
6 178 192
NUMBER_OF_TECHNICIANS = 7
2 150 166
18 149
58 145 153 142 160 146 164
69 154
75 148 168 151 155 165 167 158
77 162 143
98 157 147 163 156 161 159

DAY = 9
NUMBER_OF_TRUCKS = 9
1 193 206 205 208 0 211 212 203
2 199 202 198
3 204 200 196
4 197 195 152
5 207 209
6 144 210
7 194 141
8 201
9 186
NUMBER_OF_TECHNICIANS = 7
2 189 174 183
18 176
35 179 171 178 177 187 173 181 190 182 191
58 188 185
69 192 184
70 180 170 175 172
75 169

DAY = 10
NUMBER_OF_TRUCKS = 8
1 216 222 213 217 0 230 219
2 218 220 0 214 227
3 235 234 231 0 232 223
4 224 215
5 233 225
6 229 221
7 226
8 228
NUMBER_OF_TECHNICIANS = 10
2 208 186
4 212 197
14 196 141 210
17 200 209
18 194 144
35 152
58 204 195
67 207 201
70 193 198
77 206 205 199 202 203 211

DAY = 11
NUMBER_OF_TRUCKS = 5
1 239 248 243 0 253 245 250 0 241 251 242
2 249 247 244 0 236 240
3 238 254
4 246 252
5 237
NUMBER_OF_TECHNICIANS = 9
4 233 225
17 224 217
18 223 229 228
35 219
58 222 230 234 231 232
67 220
70 213 227
75 214 215 235 216 218
98 221 226

DAY = 12
NUMBER_OF_TRUCKS = 7
1 271 260 258 0 266 278
2 275 265 277 0 276 263 262 270
3 273 274 272 0 264 255
4 256 267 259
5 257 269
6 268
7 261
NUMBER_OF_TECHNICIANS = 8
2 246 243
17 245 250 244 240 239
60 252
69 237
70 247 251
75 242 236 249 253 241 254
77 248
98 238

DAY = 13
NUMBER_OF_TRUCKS = 4
1 281 283 290 0 280 286 279
2 287 292 282 0 289 294 288
3 293 295 285
4 284 291
NUMBER_OF_TECHNICIANS = 8
4 273 277 257 261
17 276 271 274
35 265
60 266 256 260
67 268
69 263 262 259 270 267
70 275 269
77 258 272 264 255 278

DAY = 14
NUMBER_OF_TRUCKS = 8
1 317 296 300 0 319 302 301 0 307 316 309 297
2 318 303 314 0 315
3 320 308 313
4 305 310 299 311
5 306 321
6 298
7 304
8 312
NUMBER_OF_TECHNICIANS = 7
2 289 294 288
4 292
18 291
35 282 285
58 281 280 279 287
67 290 283 286 293 295
98 284

DAY = 15
NUMBER_OF_TRUCKS = 6
1 339 338 0 337 323 322 0 324 341
2 325 340 334 0 335 329
3 333 328 326
4 330 332
5 343 327 331
6 342 336
NUMBER_OF_TECHNICIANS = 9
4 308
14 321 313
17 301 319 316 307 300
18 312
35 311 298
58 296 306 304
69 314 303 302 297 309 317 320
75 318 305 310 299
98 315

DAY = 16
NUMBER_OF_TRUCKS = 6
1 351 355 353 352 0 349 361 354
2 347 360 356 0 345 358
3 362 363 348
4 359 344
5 346 350
6 357
NUMBER_OF_TECHNICIANS = 7
4 324 326 336
35 341
60 338 337 322 333 342
67 332
69 334 329 343 323 327 331
70 325 340 328
77 339 335 330

DAY = 17
NUMBER_OF_TRUCKS = 7
1 368 373 364
2 369 372 0 366 376
3 377 375
4 367 365
5 374
6 371
7 370
NUMBER_OF_TECHNICIANS = 7
2 360 356
4 362 363 348 346
14 357 350
18 352
69 359 344
70 353 354
75 345 347 351 355 349 361 358

DAY = 18
NUMBER_OF_TRUCKS = 8
1 386 383 0 384 388 0 400 395
2 387 389 407 408 0 399 396 381
3 402 382 398
4 404 403 394
5 405 406 401 378
6 392 397
7 385 390
8 391
NUMBER_OF_TECHNICIANS = 5
14 374 371 370 364 365
60 369
67 373
69 377 376 366 368 375 372
77 367

DAY = 19
NUMBER_OF_TRUCKS = 8
1 435 428 434 0 421 429 430
2 417 413 425 0 411 423
3 424 410 415 0 409 426 432
4 416 420 412 418
5 414 422 380
6 433 431
7 419 427
8 393
NUMBER_OF_TECHNICIANS = 11
2 405 398
14 397 394
17 385
18 390 403 404
35 383 384 392
60 388 401
67 395 402
70 387 407 382
75 406 391
77 386 378
98 381 396 408 399 400 389

DAY = 20
NUMBER_OF_TRUCKS = 8
1 443 461 439 0 441 444
2 447 455 448
3 454 452 0 440 458 450 0 449 460
4 457 437 453
5 451 436
6 438 445
7 462 446
8 442 463
NUMBER_OF_TECHNICIANS = 10
4 428 431
14 422
18 424 414 434
35 435 430 393
60 410 433
67 423 416
69 426 418 429 421
70 417 413 425 411 432 412
75 409 420 427 419
98 415 380

DAY = 21
NUMBER_OF_TRUCKS = 7
1 470 484 0 471 481 475 0 466 491 465 488
2 468 473 467 0 489 472
3 478 483 464
4 480 482 0 459
5 485 474
6 469 476
7 477 486
NUMBER_OF_TECHNICIANS = 10
2 453
4 441 444 448
14 463
17 457 455
35 440 458 449 450 462 442
60 443 461 454 451 439
69 438 445
70 447
75 460 436 437 452
77 446

DAY = 22
NUMBER_OF_TRUCKS = 6
1 497 499 0 496 498 0 503 493 494 500
2 501 492
3 495 379
4 490 502
5 456 487
6 479
NUMBER_OF_TECHNICIANS = 8
2 464
4 467 477 474 476
17 482 488 472 489 471 481
18 480 475
35 469
60 470 465 491 459
70 468 473 486
75 478 483 485 466 484

DAY = 23
NUMBER_OF_TRUCKS = 8
1 514 524 523 517 0 519 515
2 506 508 0 526 527
3 512 507 516 504
4 520 529 509 510
5 511 513 0 525
6 530 522 505 531
7 518 521
8 528
NUMBER_OF_TECHNICIANS = 8
2 499
4 495 379 456 479
17 494 493 503 500
18 490 502
58 496 498 492
69 501
77 497
98 487

DAY = 24
NUMBER_OF_TRUCKS = 8
1 540 543 555 0 549
2 532 537 553 545 0 539 546 551
3 556 554 542 533
4 536 552 541
5 550 544
6 538 548
7 535 534
8 547
NUMBER_OF_TECHNICIANS = 8
2 512
4 516 508 514 506 527 520 529
14 521 531 528 505 522
18 530
35 525 510
69 513 509 511 523 507
70 524 515 517 504
75 519 526 518

DAY = 25
NUMBER_OF_TRUCKS = 8
1 571 564 0 563 577 559 0 568 558
2 578 567 570 569
3 566 561 560 565
4 572 576 557
5 579 575
6 574
7 573
8 562
NUMBER_OF_TECHNICIANS = 10
2 539
14 534
17 532 545 549
18 533 544
35 556 542 541 550 535 547
60 540 543
67 536
69 552 551 537 553 554 538
75 546 548
77 555

DAY = 26
NUMBER_OF_TRUCKS = 7
1 582 600 592 586 0 584 593
2 587 588 589
3 599 595 581 0 585 602 601
4 598 603 597
5 591 604 590
6 580 596 583
7 594
NUMBER_OF_TECHNICIANS = 8
17 558 567 575
18 565
60 557
67 570
70 571 578 579 569 572 577
75 576 574 562
77 563 559 561 573
98 568 564 566 560

DAY = 27
NUMBER_OF_TRUCKS = 7
1 619 626 620 617 0 627 613 623 0 608 622 618 610
2 609 612 607
3 605 611 616 624
4 614 621
5 625 615
6 628
7 606
NUMBER_OF_TECHNICIANS = 9
4 603
14 597 583 594
17 584 604
35 585 602 596
58 582 589 595 581
60 600 599 586 580 601
67 593 591 592 588 587
69 590
98 598

DAY = 28
NUMBER_OF_TRUCKS = 6
1 629 647 644 643 0 638 637 639
2 631 633 0 642 635
3 648 636 646 634
4 632 630
5 640 645
6 641
NUMBER_OF_TECHNICIANS = 9
4 616 615
14 606
17 610 618
35 605 611 614 628
60 619 626 627 620 608
70 622
75 609 613 623 617 625 621 612
77 624
98 607

DAY = 29
NUMBER_OF_TRUCKS = 5
1 664 652 667 0 649 662 0 657 650
2 653 661 665 666 656
3 651 660 663
4 658 654
5 655 659
NUMBER_OF_TECHNICIANS = 8
2 640
4 632 630
60 629
67 637
69 639 634 638 635 636
70 647
75 646 645 641
98 642 633 644 631 643 648

DAY = 30
NUMBER_OF_TRUCKS = 7
1 679 672 673 0 677 674 682
2 687 676 671 688
3 686 681 0 684 675
4 685 683 678
5 669 670
6 680
7 668
NUMBER_OF_TECHNICIANS = 9
4 650
17 652 664 649 660
35 657 654
58 658
67 665 656 653 663
69 666 651 655 659
70 667
75 662
98 661

DAY = 31
NUMBER_OF_TRUCKS = 8
1 709 691 0 695 702 707
2 693 694 0 711 708
3 692 697 698
4 696 706 710 0 689 705
5 701 704
6 690
7 703 700
8 699
NUMBER_OF_TECHNICIANS = 8
4 682 679 672
14 669 685 683 670 678
17 673 671 684 675 688
18 668
35 686 681
58 674
69 676 687 680
70 677

DAY = 32
NUMBER_OF_TRUCKS = 9
1 718 724 726 721
2 727 732 0 733 722 712
3 715 728 723
4 714 734
5 713 717
6 731 719
7 720 730 725
8 716
9 729
NUMBER_OF_TECHNICIANS = 10
2 692 697 689 707 693 702
14 703
33 690
35 700
60 694 704
67 705
69 708
70 695 710
75 711 701 699 709
77 696 706 698 691

DAY = 33
NUMBER_OF_TRUCKS = 8
1 740 744 752 0 737 738 742
2 758 753 757 0 743 735
3 748 736 749 747
4 746 760
5 745 754
6 750 755
7 741 739
8 751 756 759
NUMBER_OF_TECHNICIANS = 11
2 715 728 723 726
13 716
14 725 717
17 732 722
18 730 719
58 718
60 724 713 731
67 712 714 727 720
69 734 729
77 721
98 733

DAY = 34
NUMBER_OF_TRUCKS = 8
1 778 772 769 0 783 761 776 0 763 788 774 762
2 786 782 789 0 770 765
3 787 771 775 779
4 785 777 781
5 767 780
6 790 766 773 791
7 792 784
8 764 768
NUMBER_OF_TECHNICIANS = 9
2 754
13 747
14 755 760 751 759
17 743 744 752 748
35 746 741 739
58 740 757 736 749
60 742 753 735
75 745 758 737 738 750
98 756

DAY = 35
NUMBER_OF_TRUCKS = 5
1 796 810 800 0 793 805 0 804 806 795
2 807 798 797 794
3 799 803
4 808 802
5 801 809
NUMBER_OF_TECHNICIANS = 9
2 782 774
4 787
18 781
58 783 761 763 788 765 791 773 766
67 762 770
70 778
75 786 769 772 790 789
77 776 771 775 767 792 779 764
98 785 777 780 768 784

DAY = 36
NUMBER_OF_TRUCKS = 7
1 832 829 820 834 0 831 828
2 822 830 823 813 0 817 811
3 815 818 0 821 835
4 824 814 825
5 827 819 826
6 816 833 812
7 836
NUMBER_OF_TECHNICIANS = 7
4 798 797 803
17 800 809
35 799
60 808 802
67 804 801
70 796 795 807
98 794 806 810 793 805

DAY = 37
NUMBER_OF_TRUCKS = 5
1 839 844 0 853 847 851 840
2 838 841 842 849 0 848 837
3 846 850
4 852 845
5 854 843
NUMBER_OF_TECHNICIANS = 8
4 827 819 826
14 836 811 817
33 833 825
58 812
60 830 823
67 816 815 821
69 835 813 818 824 828 820 832 834 822
98 829 831 814

DAY = 38
NUMBER_OF_TRUCKS = 6
1 867 872 860 856 0 866 868 863
2 865 862 873 0 874 859
3 864 858 857
4 871 870
5 855 861
6 869
NUMBER_OF_TECHNICIANS = 9
13 846
14 854 845 843
17 838 848 849
18 852
35 844
60 847 841 850
67 842 837 853 840
70 839
77 851

DAY = 39
NUMBER_OF_TRUCKS = 6
1 895 879 884 0 899 881 0 890 883
2 887 877 894 897 0 886 898
3 889 892 893 0 885
4 900 896 878 882
5 880 875 876
6 891 888
NUMBER_OF_TECHNICIANS = 10
2 856 871 857 873
4 858 861
17 865 866
18 869
33 863 874
58 872
60 867 862 864
67 855
69 868 859 870
75 860

DAY = 40
NUMBER_OF_TRUCKS = 0
NUMBER_OF_TECHNICIANS = 9
2 898 876
4 880 900 881
13 875
18 885
58 887 877 894 884 893
69 892 888
70 879
75 886 891 890 882
77 899 878 896 895 889 897 883

DAY = 41
NUMBER_OF_TRUCKS = 0
NUMBER_OF_TECHNICIANS = 0

DAY = 42
NUMBER_OF_TRUCKS = 0
NUMBER_OF_TECHNICIANS = 0

DAY = 43
NUMBER_OF_TRUCKS = 0
NUMBER_OF_TECHNICIANS = 0

DAY = 44
NUMBER_OF_TRUCKS = 0
NUMBER_OF_TECHNICIANS = 0

DAY = 45
NUMBER_OF_TRUCKS = 0
NUMBER_OF_TECHNICIANS = 0
