DATASET = ORTEC Early VeRoLog 2019
NAME = Instance 17

TRUCK_DISTANCE = 333153
NUMBER_OF_TRUCK_DAYS = 347
NUMBER_OF_TRUCKS_USED = 25
TECHNICIAN_DISTANCE = 95274
NUMBER_OF_TECHNICIAN_DAYS = 231
NUMBER_OF_TECHNICIANS_USED = 21
IDLE_MACHINE_COSTS = 390
TOTAL_COST = 3341319360

DAY = 1
NUMBER_OF_TRUCKS = 22
1 22 0 15 0 10
2 16 0 48 40
3 32 37 0 25
4 11 0 47
5 13 9 52 0 43
6 19 0 18
7 28 20 0 44
8 26 31 17
9 49 7 0 38
10 2 24 3
11 29 0 45
12 33 0 12 8
13 46
14 14 39
15 1
16 36
17 6
18 4 41
19 35
20 23
21 42 27
22 50 5
NUMBER_OF_TECHNICIANS = 0

DAY = 2
NUMBER_OF_TRUCKS = 25
1 76 0 70 0 91
2 80 59 67
3 65 0 82
4 89 62 55 0 84 74
5 79 61 0 56
6 54 90 0 68
7 60 87 77
8 83 93
9 78 66 0 81
10 58
11 69
12 75
13 53
14 73
15 57 85
16 86
17 92 88
18 63
19 94
20 21
21 72
22 64
23 30
24 71 51
25 34
NUMBER_OF_TECHNICIANS = 11
2 32 37 26 19 31 4 1 42
8 15 16 13 47 7 2 33 12 29
10 38 46 39 18 11 10 43
11 41
13 49 24 17 3 20 23
31 22 40
34 27
38 9 52
41 48
42 36 35 50 5 14 45 44 8 25 28
49 6

DAY = 3
NUMBER_OF_TRUCKS = 18
1 137 132 0 125 0 129 0 138
2 111 127 128 103
3 119 0 101 0 100
4 105 0 134
5 109 0 104
6 99 0 117
7 136 126 0 120
8 102 118 0 122
9 124 0 108
10 95 96 0 97
11 107 106 0 98
12 130 116 0 133
13 110 114
14 131
15 113 115
16 123
17 135 112
18 121
NUMBER_OF_TECHNICIANS = 12
2 61 87 54 60 78 77 91 56 55
8 84 68 74 83 82 80 65
10 81 69 75 57 90 58
11 73 64 88 53 67
13 85 94
16 34
31 86
33 51
34 79 76 70 92
38 89 62 59
42 72 63 71 30
49 66 93 21

DAY = 4
NUMBER_OF_TRUCKS = 14
1 146 150 169 0 152
2 139 164 162
3 167 149 0 157
4 160 165 0 156 154
5 161 172 0 148
6 158 166 168 142
7 163 159 170
8 143 155 0 147
9 171
10 141
11 153
12 145 151
13 144
14 140
NUMBER_OF_TECHNICIANS = 10
2 97 104 109 124 107 106 123 112
8 101 129 125 137 119 132 99 108 96
10 133
11 115 135 126 95 110
13 118 102 117 134 128 116 138
31 105
34 114 100 136 122 113
38 111 103
49 131 98 130 120 127
50 121

DAY = 5
NUMBER_OF_TRUCKS = 16
1 179 194 198
2 200 0 203 183
3 187 191 0 176
4 201 0 180
5 192 204 0 188
6 196 178
7 181 0 205
8 175 189
9 190 186
10 202 177
11 173 184
12 193 197
13 195 182
14 174
15 199
16 185
NUMBER_OF_TECHNICIANS = 11
2 156 165 162 160 158 148 166 142
10 147 143 157 141 153
13 163 159 161 155 170
14 164
16 144 145
33 168 151
34 154
38 150 152 167 169 146
41 139
49 171 149 172
50 140

DAY = 6
NUMBER_OF_TRUCKS = 24
1 230 0 224 0 220
2 246 226 0 229 0 225
3 215 245 251
4 243 234 247
5 210 237 0 222 248
6 208 212 0 249 218 206
7 213 0 236
8 216 0 207
9 228 233
10 242 0 223
11 214 235
12 250 241
13 231 221
14 232
15 211
16 252
17 209
18 238
19 244
20 240
21 217
22 219
23 239
24 227
NUMBER_OF_TECHNICIANS = 10
2 188 201 193 177 197
8 200 203 183 196 173 182
10 189
13 176 198 184
14 179 194
16 174
33 190 186 202 195
34 181
49 178 205 175 204 191 187 180 192
50 185 199

DAY = 7
NUMBER_OF_TRUCKS = 18
1 270 267 0 271
2 264 289 0 286
3 272 254 285 256
4 269 288 255
5 283 0 292
6 262 0 277
7 260 266 0 274
8 287 284 0 282 280
9 253 290
10 278 0 268
11 258 0 257
12 259 0 273 275
13 276
14 261
15 291 281
16 265
17 279
18 263
NUMBER_OF_TECHNICIANS = 15
8 245 226 246 230 210 237 208 248 222
11 249 218 209 221
14 215 220
16 219 217 239
31 224 229 228
33 213 216
35 240 244
38 243 234 223 247 241
41 236 233
42 212 207 242 206 225 232 231
44 251
45 214
47 235
48 250 211 252 238
50 227

DAY = 8
NUMBER_OF_TRUCKS = 15
1 321 308 0 312 0 325
2 305 296 0 318
3 304 300 322 323
4 328 0 326
5 294 298 0 301
6 303 0 297
7 320 309 0 299 313
8 293 316 0 327
9 302 295 311
10 307 324
11 315
12 317 319
13 310
14 314
15 306
NUMBER_OF_TECHNICIANS = 12
8 264 267 262 260 266 286 277 289 268
11 254 276
14 288
31 269
33 274
35 265
38 270 271 292 272
42 284 290 253 261
44 275 273 256 280 278 282 255 285 283
47 281
48 257 259 258 291 287
50 263 279

DAY = 9
NUMBER_OF_TRUCKS = 15
1 352 0 344 0 358
2 340 332 353 348 0 359
3 349 0 354 0 331 339
4 333 363 0 347
5 357 329 343
6 342 0 338
7 334 0 330
8 364 350
9 351 0 337
10 341 335
11 362 356
12 360 355
13 361
14 346 345
15 336
NUMBER_OF_TECHNICIANS = 13
2 325 301 318 316 307 324 311 327 293
8 305
10 297
11 295 322 323 312
13 309 320 313
14 304 300
34 302 326 328 303 308 321 296
35 310 319 314
42 306
44 315
45 299
47 294 298
49 317

DAY = 10
NUMBER_OF_TRUCKS = 18
1 391 394 0 376
2 374 387 0 389
3 379 381 397
4 393 367 0 396 375
5 373 0 399
6 392 368
7 371 0 382
8 395 377 380
9 385
10 386 388
11 398
12 370
13 384
14 372 365
15 366
16 369
17 383
18 390 378
NUMBER_OF_TECHNICIANS = 12
2 331 358 329 357 348 353 343 360 344
10 351 334
11 345
13 364 342 363
16 336
31 349
34 339 359 341 337 335 355
38 333 340 332
41 352 354
42 361 346
44 350
47 347 338 330 362 356

DAY = 11
NUMBER_OF_TRUCKS = 14
1 418 415 0 404
2 425 0 408 0 402
3 410 421 407 405
4 411 413 0 409 400
5 420 424 0 414
6 431 419
7 426 416 0 422
8 412
9 417 423
10 430 429
11 428
12 403
13 406 427
14 401
NUMBER_OF_TECHNICIANS = 13
2 395 377 384 372 380 397 391
8 374
10 366 369
13 373 393 367 399 394
16 390 383
33 370
35 365
38 379 381
44 398 388 368 386 375 396 387 389 382
45 392
48 371
49 385 376
50 378

DAY = 12
NUMBER_OF_TRUCKS = 20
1 461 449 453 0 454
2 456 0 465 435 0 438
3 444 432 0 452
4 469 455 0 458
5 457 445 0 440
6 443 462 0 433 472
7 451 439 0 442
8 447 467
9 436 446 450
10 441 0 459
11 434
12 463
13 470
14 460
15 464
16 448
17 466
18 471
19 437
20 468
NUMBER_OF_TECHNICIANS = 11
2 413 411 417 423 405
8 415
10 430 406 402 428 419
13 426 400 407 409 420 424 404
14 418 408
16 427
34 431
38 421 425 410
47 414 416
49 422 429 412 403
50 401

DAY = 13
NUMBER_OF_TRUCKS = 18
1 493 504 0 483
2 476 498 0 481 492
3 475 505
4 489 0 508
5 509 497 474
6 478 501 485 0 506
7 479 0 488
8 495 494 0 490 473
9 496 503
10 482 0 507
11 502 0 511
12 484
13 510
14 491 486
15 500
16 499
17 477 487
18 480
NUMBER_OF_TECHNICIANS = 12
2 438 441 446 460 459 453 445 457 449
8 456 458 448 437
11 467 466 470 463 450 465
13 451
14 461 436
16 468
31 444 432 435
33 434 442 464
34 447 472 433 443 462 454 452
35 471
38 469
45 440 455 439

DAY = 14
NUMBER_OF_TRUCKS = 19
1 522 548 0 529 0 526
2 547 515 0 524
3 532 542 0 514
4 538 521 549 512
5 518 0 525
6 535 544 0 530
7 552 519 0 516
8 553 533
9 539 528
10 541 540
11 520 523 537
12 546
13 551
14 531
15 517
16 527 536
17 543 513
18 534
19 550 545
NUMBER_OF_TECHNICIANS = 12
10 502
11 491
14 493 504 475
16 486 487
33 484
34 482 473 490 507 479 483 492
35 480
38 476 509
44 474 497 503 477 499
45 478 485 495 494
48 496 498 488 508 501 506 489 481 505
49 511 510 500

DAY = 15
NUMBER_OF_TRUCKS = 14
1 580 0 584 0 560
2 574 556 0 562
3 571 557 572
4 569 555 0 579
5 578 563 0 576
6 559 0 567
7 561 564
8 568 0 582
9 570 583
10 581 565 575
11 573 554
12 558
13 566
14 577
NUMBER_OF_TECHNICIANS = 13
5 512
8 529 539
10 546
11 537 523 527 536 513 550
14 548 522 547 525 518 538
34 520 545
35 543
42 534
44 551 533 517 549 540 541 535 542 532
45 524 521 519
47 552
48 514
49 528 531 516 553 544 526 530 515

DAY = 16
NUMBER_OF_TRUCKS = 24
1 610 0 608 0 631 587
2 593 607 586 0 622
3 604 634 599
4 623 606 0 598
5 618 601 0 625
6 629 594 609
7 600 605 0 589
8 591 595 0 624 613
9 592 0 616
10 585 612 0 621
11 603 630
12 588 614
13 627 602
14 615 626
15 617
16 596
17 633 620
18 597
19 611
20 619
21 628
22 632
23 635
24 590
NUMBER_OF_TECHNICIANS = 11
2 559 556 578 562 555 579 584 569 580
5 583
10 564 558
11 573 572 565 575
14 557
34 568 582 576 567 574 563 561
35 554 577
41 571
48 570
49 560 581
50 566

DAY = 17
NUMBER_OF_TRUCKS = 16
1 662 0 656 0 669 652
2 648 637 0 645
3 642 666 665
4 641 639 0 667
5 670 0 655
6 658 660
7 653 657 646 654
8 636 0 647 640
9 663
10 664 651
11 659
12 668
13 649 638
14 650
15 644 661
16 643
NUMBER_OF_TECHNICIANS = 13
2 595 591 607 593 634
8 631 587 598 608 601 592 616
10 613 588 597
11 633 621 586 585
13 603 594
16 626
31 610 604
35 611 628 619 620
38 618
42 596 617
44 602 615 627 612 609 600 599 622 605
49 614 624 630 625 589 629 606 623
50 590 635 632

DAY = 18
NUMBER_OF_TRUCKS = 21
1 716 0 712 682 0 697
2 671 710 0 679
3 717 699 714 0 713 687
4 681 0 683
5 674 718 0 677 705
6 702 0 676
7 706 719 0 708 701
8 695 698 0 715
9 685 0 686
10 720 0 689
11 694 691
12 703 0 700
13 684
14 693
15 688 711
16 696
17 709
18 692
19 690
20 673 680 675
21 672
NUMBER_OF_TECHNICIANS = 13
2 639 668 665 658 644 661
8 648
10 636 640 638 650 641 652 669
13 667 645 637 653 646 657 670
31 662
33 660 643
38 642
41 656 666
42 649
44 651 664 659
45 654
48 663
49 647 655

DAY = 19
NUMBER_OF_TRUCKS = 16
1 735 724 741 0 736 747
2 730 0 748
3 726 728 0 725 749
4 729 727 0 731
5 740 0 738
6 734 733 0 742
7 722 732 0 721
8 744 739
9 743
10 745 704
11 737
12 678
13 723
14 707
15 746
16 750
NUMBER_OF_TECHNICIANS = 14
2 674 718 694 700 719 693 696 673 672
5 691 680
8 709 688
13 714 699 689 703 720 706 715
14 682 713 687
31 681
33 711 692
34 708 685 686 676 697 683 684
38 717 679 710 716 671
41 712 677
42 690
44 701
45 705
47 702 698 695

DAY = 20
NUMBER_OF_TRUCKS = 0
NUMBER_OF_TECHNICIANS = 13
2 741 729
5 731 721 732 722 742 733 678
8 726
11 745 704 723 675
13 747 738 736 728 740 748 749
14 724
16 707
31 730
34 727
42 737 746
44 743
48 744 739 734 725 735
50 750

DAY = 21
NUMBER_OF_TRUCKS = 0
NUMBER_OF_TECHNICIANS = 0

DAY = 22
NUMBER_OF_TRUCKS = 0
NUMBER_OF_TECHNICIANS = 0

DAY = 23
NUMBER_OF_TRUCKS = 0
NUMBER_OF_TECHNICIANS = 0

DAY = 24
NUMBER_OF_TRUCKS = 0
NUMBER_OF_TECHNICIANS = 0

DAY = 25
NUMBER_OF_TRUCKS = 0
NUMBER_OF_TECHNICIANS = 0
