DATASET = ORTEC Early VeRoLog 2019
NAME = Instance 12

TRUCK_DISTANCE = 308340
NUMBER_OF_TRUCK_DAYS = 325
NUMBER_OF_TRUCKS_USED = 22
TECHNICIAN_DISTANCE = 104068
NUMBER_OF_TECHNICIAN_DAYS = 241
NUMBER_OF_TECHNICIANS_USED = 23
IDLE_MACHINE_COSTS = 16730
TOTAL_COST = 31875267230

DAY = 1
NUMBER_OF_TRUCKS = 14
1 39 23 18 0 41 0 5 0 27 9 0 35
2 21 1 40 0 15 0 10 20
3 43 6 25 0 22 30
4 44 7 17 0 37 31
5 28 8 3
6 38 24 13 2
7 42 19 45 12
8 29 11
9 14 26
10 34 32
11 4
12 16
13 33
14 36
NUMBER_OF_TECHNICIANS = 0

DAY = 2
NUMBER_OF_TRUCKS = 16
1 90 49 56 61 0 68 57
2 75 73 62
3 81 0 47 0 78 77 0 66 84
4 54 69 88 0 72 0 64 82
5 67 59 0 58 71 0 85 70
6 89 53
7 60 83
8 63 79
9 50 55
10 87
11 74 52
12 76 65
13 80
14 51
15 86
16 48 46
NUMBER_OF_TECHNICIANS = 11
8 39 1 22 27 20
9 21 44 24 38
11 14 12 11 19 42 45
14 31 10 17 37 7 23
16 36
24 13
27 4 29 8 3 2 16 33
31 25 9 40 6 18
34 32
39 30 15 5 35 41 43 28
47 26 34

DAY = 3
NUMBER_OF_TRUCKS = 18
1 105 137 117 0 91 112 0 94 106
2 107 133 126 0 120 119
3 98 136 0 127 111
4 134 96 0 121 116
5 140 123 139 0 103 130
6 95 124 93
7 131 99 115
8 138 128 0 122
9 135 104
10 118 108
11 129
12 102 125 109
13 110 100
14 113
15 101
16 114
17 92 132
18 97
NUMBER_OF_TECHNICIANS = 13
8 49 56 75 73 54 78 89
9 90 61
11 82
13 74 86
14 58 71 84 85 57 60
16 51 65 46 80
24 81 69 88 68 67
27 79 87 63 83 70 59 53 62
31 50 55
33 64
34 52
39 66 72 77 47
47 48 76

DAY = 4
NUMBER_OF_TRUCKS = 21
1 150 178 0 163 0 183 143
2 154 191 175 0 155 149
3 186 164 195 0 173 170
4 171 152 0 157 141
5 168 153 0 189 167
6 174 172 176
7 179 162
8 182 145
9 192 166 0 185
10 146 160
11 151 180 159
12 147 169
13 188 177
14 158 144
15 193 187 190
16 165 142
17 194
18 181 161
19 156
20 148
21 184
NUMBER_OF_TECHNICIANS = 12
8 105 137 117 98 111 120 106 103 121 96
9 116
10 101
11 93
13 122 118 129
16 135
24 107 133 94 127 134
27 125 113 109 108 102 138 128
31 99 104 110 92 115
33 123 91 112 131 140 139 124
39 95 130 136 119 126
47 114 97 132 100

DAY = 5
NUMBER_OF_TRUCKS = 18
1 240 219 196 0 218
2 225 205 0 203 222 207
3 200 202 0 216 0 236
4 220 228 0 229 215
5 234 206 0 223 217 237
6 201 209 0 197 204
7 238 226 235
8 241 224
9 211 221
10 230 210
11 239 212
12 232
13 199 208
14 231
15 214
16 233 213
17 227
18 198
NUMBER_OF_TECHNICIANS = 12
8 150
9 178
13 153 180 158 161 156 193 170 192
14 173 195 141 152 188 176
16 190 184
24 163 182 167 189
27 181 144 160 147 151 166 162 145 146
31 194
33 183 172 168 171 179
36 185 165 142
39 157 143 174 149 175 154 191 164 155 186
47 187 177 159 169 148

DAY = 6
NUMBER_OF_TRUCKS = 17
1 249 0 274 0 268 265 254 0 261 252 275 0 276 282 242
2 251 269 0 258 253
3 245 262 250
4 280 256 0 278
5 264 266 0 263
6 273 244
7 270 267
8 281 255
9 257
10 279
11 272
12 247
13 271 259
14 246 260
15 277
16 248
17 243
NUMBER_OF_TECHNICIANS = 11
8 240 225 203 223 207 239 220 200
11 235
13 218 224 231
14 241 230 234 219
17 206
24 216 202 228 211 196
27 208 212
31 209
33 217 205 238 222 226 229 201
39 215 197 237 204 236 232 199 221
47 210 213 214 227 198 233

DAY = 7
NUMBER_OF_TRUCKS = 15
1 294 331 0 290 309 0 285 0 305 0 301 303 315
2 332 286 287 0 323 291 311 0 298 300
3 333 329 0 312 0 324 0 326
4 293 307 0 325 284
5 316 321 0 310 283 306
6 313 318 319
7 308 288 320
8 295 289
9 304
10 296 317
11 292 327
12 330 297
13 322
14 302 328
15 314 299
NUMBER_OF_TECHNICIANS = 11
10 255
12 278
13 250 282 263 256 266 244 257 247
14 253 269 258 264 276 242
16 246 259 260 248 277
17 280 261 249 274
33 245 251 268 265 275 254 252
34 273
36 281 279 270 267
48 272 271 243
49 262

DAY = 8
NUMBER_OF_TRUCKS = 18
1 347 376 368 352 0 378
2 370 339 360 0 335 0 353 0 345
3 343 372 0 351 349 0 358
4 362 364 342
5 379 366 0 336
6 337 356 344
7 361 341
8 354 374 0 338 365
9 348 375 369
10 359 371
11 373 377 340
12 350
13 363
14 355
15 334 380
16 357
17 346
18 367
NUMBER_OF_TECHNICIANS = 13
4 314
9 295
10 296 306 283 307 301 329 284
12 331 294 290 309 311 285
14 293 310 308 288 289 319
15 312
16 297 330 317 299 322
17 316 298 305
25 328
34 318
36 304 292 303 326 315 300
48 302 313 324 325
49 286 333 332 287 291 323 321

DAY = 9
NUMBER_OF_TRUCKS = 16
1 406 390 0 385 399 413 0 381 383
2 418 396 0 408 412 388
3 392 409 0 384
4 395 405 400
5 403 404 382
6 386 411 398
7 402 410
8 393 387
9 391 420 414
10 401
11 417
12 416
13 397 394
14 415 419
15 389
16 407
NUMBER_OF_TECHNICIANS = 12
4 357
9 341
12 339 372 362 361 351 378
14 354
15 353 365
16 377 336 355 380 340
24 370 360 335 343 364
27 344 334 367 346 363 371
31 327
36 375 342 350 379
39 358 348 374 345 366 369 359 352
49 347 376 368 349 337 356 338 373

DAY = 10
NUMBER_OF_TRUCKS = 15
1 446 459 429 448 424 0 423
2 450 0 438 0 430 440
3 458 455
4 441 427 447 0 428 460
5 425 457 0 443 442 0 444
6 421 454 461
7 432 439
8 434 433
9 422 426
10 452 431
11 437 453
12 436 451
13 435 462
14 445 456
15 449
NUMBER_OF_TECHNICIANS = 16
4 410 415
10 411 386
11 394 397
13 320
15 406 390
16 407
17 403 404
24 418
27 382 420 400
31 409 402
33 412 408 388 405 396 392 413
34 391
36 393 387 389 416 417 401
39 395 383 381 384 398
47 414 419
49 385 399

DAY = 11
NUMBER_OF_TRUCKS = 12
1 479 489 482 0 483 481 0 501 485 0 498 480 475
2 473 505 0 466 487 0 465 468
3 499 488 0 486
4 464 469 478 0 471 467
5 477 470 495
6 502 500 0 503 463
7 493 494
8 472 0 496
9 490 476
10 474 504
11 491 484
12 492 497
NUMBER_OF_TECHNICIANS = 11
4 455 433 461 445
9 459 429 427
11 451 436 452
13 444 453 460 426
15 446 450 441 448
17 423
25 462 449 456
31 422 454 435 431
36 437 439 434 432 442
39 428 438 457 443 425 424 430 440 421 447
49 458

DAY = 12
NUMBER_OF_TRUCKS = 16
1 524 530 511 0 533 508
2 519 528 537 0 507 516
3 510 539 0 518 522
4 520 531
5 512 526
6 527 532
7 506 536
8 515
9 525 535
10 534
11 523
12 514
13 517 529 521
14 513
15 538
16 509
NUMBER_OF_TECHNICIANS = 10
8 479 499 488
9 489
13 490 495 467 471 498 476 484
15 487
16 494
24 481 483 473 482 505
27 497 491 492
31 463 503 474 469 504
33 464 465 485 466 501 480 478
39 470 502 477 468 493 496 472 486 500 475

DAY = 13
NUMBER_OF_TRUCKS = 17
1 568 549 0 550 0 541 0 571 581 573 0 562 561 589
2 566 559 556 0 560 570 0 565 553 0 544
3 582 580 0 554 0 547
4 587 590 540 0 577 564
5 552 588 558 0 585 586
6 542 572 557
7 584 575
8 574 583
9 555 551
10 543
11 567 579 569
12 563
13 548
14 546
15 545
16 576
17 578
NUMBER_OF_TECHNICIANS = 10
4 517
9 527 531
10 516
13 506 532 515
16 513 521 526
25 529 509
27 514 535 523 536
33 528 520 519 533 512 525
39 507 522 508 511 518 530 524 510 537 539
48 534

DAY = 14
NUMBER_OF_TRUCKS = 15
1 618 645 593 0 651 0 648 626 602
2 614 635 605 0 621 592 0 623 615
3 594 639 0 633 646 656
4 653 628 0 610 0 636 601
5 617 607 655
6 640 613 630 0 595 0 647
7 598 627 0 606 0 642
8 652 604 0 619
9 599 597 0 632 609
10 612 611
11 624 600
12 608 625
13 603 616
14 637 650
15 631 622
NUMBER_OF_TECHNICIANS = 15
8 568
9 549
10 572 555
12 559 554 544
13 547 542 548
14 561 552 586 564 562 573
16 579 569 551 567
17 590
24 581 582 541 550 571
25 545 578 576
27 538
33 577 556 570 560 585 558 588
36 557 574 583 575 563 584
48 543
49 566 565 589 553 580 540 587

DAY = 15
NUMBER_OF_TRUCKS = 22
1 679 693 675 0 677 0 687 671 0 663
2 692 686 0 696 668 670 0 665
3 674 658 0 689 673 682
4 684 659 676
5 660 694 697
6 672 688 662
7 685 690 661
8 681 667
9 657
10 680 654
11 691 664
12 683
13 698 620
14 591 638
15 678
16 644
17 634
18 649
19 596
20 666 641
21 629 695
22 669 643
NUMBER_OF_TECHNICIANS = 15
8 618 617 636 605
10 630 611 625 608 623
12 645 614 607 594 628 651
14 632 613 599 640 648 626
15 647 604
16 642
17 655 601
24 635 610 606 595 619
25 616
31 602 656 612 592 639
33 627 621 593 598 633 646 652
34 624
36 600 622 631 637 650
48 603 597 609
49 653 615

DAY = 16
NUMBER_OF_TRUCKS = 17
1 730 727 737 0 710 713
2 720 702 742 0 705 717 708
3 732 0 738 0 747 0 701 718
4 716 714 0 733 0 709
5 746 0 731 707 0 712 0 744
6 725 699 0 703
7 722 724 721
8 743 723
9 749 711 704
10 715 739 719 745
11 748 735 740
12 736 726
13 700 729
14 706
15 741
16 728
17 734
NUMBER_OF_TECHNICIANS = 12
10 658 662
11 591
14 660 690 685 661 676 680
15 679
16 634 638 695 629 643 669
24 675 692 684 659
27 666 698
31 672 682
33 668 696 674 689 686 687 693
36 667 654 691 697 683 657
39 673 694 663 677 670 671 688 681 665
47 596 641 678 664 649

DAY = 17
NUMBER_OF_TRUCKS = 21
1 761 769 764 0 786 779 796 0 759
2 778 776 0 773 0 789 771 787
3 777 805 0 763 788 757
4 760 756 0 801 804
5 752 800 758 0 765 792
6 755 799 766
7 772 802 790
8 780 754 768
9 762 791
10 753 803
11 782 785
12 783 798
13 793 806 770
14 795
15 767
16 794
17 797
18 775
19 774
20 784 751
21 750
NUMBER_OF_TECHNICIANS = 14
4 726
9 720
10 724 728 704
12 730 727 746 707 699 703
13 735 721 734
14 710 701 713 742 748 723
17 749
24 702 716 722 743 711
27 745 740 644
31 708 715 739 718 719
36 706 741 729 700 709
39 712 717 747 705 733 732 738 744 714 731
48 736
49 737 725

DAY = 18
NUMBER_OF_TRUCKS = 13
1 831 838 0 834 0 816 847 0 845 846 0 829 0 840 813 826
2 841 823 839 0 844 830 0 821 827
3 828 819 0 815
4 825 0 837
5 832 810 814
6 809 807 842
7 822 817 824 812
8 820 835 781
9 836 833
10 808
11 818
12 811
13 843
NUMBER_OF_TECHNICIANS = 15
4 806 770
9 761
11 762 754
12 769 786 776 777
13 766 759 620
14 771 787 758 800 752 778
24 773 755 780 782 753
25 751 774 750
27 768 794 767 795 785 803 798 775 790 799
31 772 756 765 801 802
34 793 791
36 783 546
39 789 764 760 796 804 805 763 792 788 757
47 797
49 779

DAY = 19
NUMBER_OF_TRUCKS = 20
1 895 852 866 0 897
2 873 0 892 0 888 891
3 871 875 0 857
4 850 884 0 868 0 865 869
5 899 876 893
6 900 889 0 881
7 861 864 0 883 879
8 877 849 894
9 858 854
10 887 848
11 885 878
12 898
13 856
14 853 890
15 886 872
16 896
17 860 859
18 882
19 870
20 867
NUMBER_OF_TECHNICIANS = 13
4 820
9 816 847 846 838 840
12 831 845 841 834 844 828
13 825 837
15 829
16 784
17 815 832
25 811 843 781 835
27 824 817 836 818 812 821
33 830 839 813
39 819 826 827 809 807 822 814 810 842 833
41 808
49 823

DAY = 20
NUMBER_OF_TRUCKS = 4
1 874 862
2 863
3 855 851
4 880
NUMBER_OF_TECHNICIANS = 11
9 895 883
10 893 853 854 859 864 876
13 856 857 898 882 860
15 852 873 871 899 861 865
16 886 872
17 879 885 858
27 848 867 890
33 884 891 869 849 889 887 894
39 868 900 866 881 897 875 888 850 892 877
41 870
48 896

DAY = 21
NUMBER_OF_TRUCKS = 0
NUMBER_OF_TECHNICIANS = 4
4 862
13 878
16 855
47 851 863 880 874

DAY = 22
NUMBER_OF_TRUCKS = 0
NUMBER_OF_TECHNICIANS = 0

DAY = 23
NUMBER_OF_TRUCKS = 0
NUMBER_OF_TECHNICIANS = 0

DAY = 24
NUMBER_OF_TRUCKS = 0
NUMBER_OF_TECHNICIANS = 0

DAY = 25
NUMBER_OF_TRUCKS = 0
NUMBER_OF_TECHNICIANS = 0
